5810
12652
15000
12022
14790
10176
4930
8359
3281
11026
868
14890
5265
4480
13264
2341
2766
15294
1227
1301
7693
2726
9747
9012
10886
14216
10349
7178
11514
5992
8876
10636
1822
7430
16184
13447
7861
14212
2575
1654
11709
16331
10165
2662
11408
16014
13933
4865
13340
1017
5343
8302
2511
13787
10844
12755
736
7557
13418
14343
8168
8613
6599
6679
4707
5185
7027
12295
4235
4646
10449
2146
3662
10535
5977
5792
14131
11727
10162
12885
10764
10986
14455
13678
15586
1401
11482
1973
973
7767
6129
11946
12984
4789
10312
5363
2290
14953
5638
1640
3248
3456
4634
14948
7706
8138
10911
8357
8797
1914
11334
7517
4647
15207
13704
2613
11506
14349
8856
16292
4451
2248
14234
5208
1893
13458
3482
14720
5745
826
6100
6844
5832
7708
13013
8379
15744
11622
12110
10293
8199
1998
7938
12969
6350
14186
14207
9576
9408
3939
11114
3400
12666
6364
3562
10151
1313
13918
15258
1586
886
16334
1157
14628
713
12538
3950
12243
9121
3993
929
4666
9719
12632
3335
13474
13480
13085
9688
5714
5186
14160
13927
6927
11638
5359
6640
5630
7359
14961
903
4437
6301
15872
10642
3231
2203
8499
8935
10737
14622
13195
5015
4853
1310
5431
15349
2464
14019
14992
2693
1601
15395
12594
2895
2342
10687
8542
11822
13740
13082
11868
7700
15614
2746
15929
6026
11488
3566
11532
12092
629
4623
12536
12026
7161
6713
1920
13197
16076
3701
3549
13535
15235
4937
3030
6551
6997
2023
16373
3252
10415
16033
9043
4187
14500
12647
822
6437
16093
11960
8737
1071
6454
10553
2083
6807
2776
14154
4334
8329
15322
10037
7403
632
2881
12916
8143
7039
5441
2892
16097
9750
13457
13901
10870
11578
580
16320
2806
13616
4532
675
3738
12864
10601
12699
576
11438
9510
6549
3720
1026
6197
14597
11230
13677
1725
15127
1002
2172
3088
10803
4102
7950
10965
7967
15987
14389
3184
56
11743
5934
3287
11785
2247
7566
10980
1571
8871
10956
6083
12268
6869
8580
2615
16021
1000
11249
2705
13604
4216
895
6568
6913
11600
5099
14158
9049
9
1454
7422
8927
4020
723
10998
12457
12825
1102
15919
810
15607
5927
360
11668
15354
3302
14761
15874
14973
6174
14042
9383
7519
601
668
14824
4329
11073
1805
9128
4002
7488
5458
470
9610
6269
14626
9185
3085
5366
10788
5395
16081
2344
10060
6881
16045
13438
4641
14633
2125
4852
708
12670
7391
10441
4881
10227
7919
12438
11455
2224
2289
7473
11952
6701
10812
14023
9098
1924
14960
710
7551
10543
11147
8932
5243
9660
9191
12335
156
7760
3804
11463
5444
11058
2314
15913
15093
5779
15579
14184
13416
5486
3127
15128
6121
7454
12799
11405
11169
6152
6206
12361
11835
5060
8215
12503
15175
9795
6512
12388
14632
372
4447
1389
923
9670
15642
11959
9356
8997
7545
3978
5706
8103
4929
15419
8993
7389
13765
11064
4336
13493
8849
4457
10873
15691
3218
16001
9175
2490
16235
2107
5238
15387
10444
10992
6937
5055
11682
4656
15535
1764
5434
11663
3628
16170
10066
1932
3473
4721
2385
9633
24
14231
5917
10721
7306
6685
14602
9961
10988
4278
4780
16355
14799
5342
2270
5744
8922
8850
8611
10952
5418
806
14980
14744
2604
14058
9980
7182
1480
3758
3460
7156
9466
2156
13919
12241
231
13403
332
6708
313
10220
10222
9260
3339
6957
5112
9391
11004
13296
14398
13452
15492
5292
9531
5984
3983
33
12871
16341
2580
12940
7855
10368
8394
8971
9365
1614
4445
13031
10714
3442
6979
15514
988
13978
10513
6250
1105
8059
5793
6463
2330
251
11229
5044
7075
13279
5261
3441
14282
7280
12370
5911
2078
4220
6154
1710
2255
6704
13246
9587
1740
1741
15169
14988
37
4798
15852
5176
3439
13046
8345
9777
6677
6080
12519
787
3484
914
5310
13136
14957
5322
1178
6450
10775
5949
9403
11536
10742
6996
10044
12423
2450
8913
11823
11701
11651
13632
4992
2620
6456
4498
14342
15201
13534
8798
2822
4545
5525
8423
11957
13192
11880
11346
1520
14068
9841
15083
1120
8954
15591
12196
9009
13714
4726
10884
8127
271
15609
11510
12099
10473
4916
1198
613
5572
13759
3709
7179
5012
10920
12662
5956
4311
3753
2
6494
4576
3849
9819
9737
3089
14859
10200
1982
1847
6786
4619
7896
1731
1528
14254
13871
10402
11752
1968
5547
4676
6155
10277
13163
144
9995
11604
6491
8128
15836
6516
12962
5295
16359
9380
1483
5869
15663
9044
11188
8132
11817
8176
15224
10523
12432
6963
4165
6818
6711
7973
14557
262
8558
16162
16269
12442
4358
8905
355
6244
7499
10881
1910
2509
8695
13911
6629
14081
2268
361
97
6848
8799
13004
12531
14903
8308
2846
12877
10684
2309
15084
1673
1321
7146
10877
6740
9743
535
5013
13280
418
10126
12362
7761
16243
5377
1492
9535
14642
8159
11032
7933
12025
11211
2657
8917
11461
6116
15777
4767
16201
1409
14198
13083
9375
2229
460
15459
15641
320
3239
8841
1382
5390
15896
9104
11916
15275
13329
8570
11076
354
5089
14954
15738
859
13637
13786
15824
2418
254
85
6561
7515
5901
5908
13701
13375
1233
2600
4826
13634
14863
481
3204
13068
9165
9108
241
13650
15598
5306
550
4393
10703
12811
3377
9347
10435
10478
14421
165
14194
11001
14566
3915
5298
1522
803
5528
9874
1141
5090
8929
2658
2834
13089
607
5527
14629
13072
10594
15910
14062
8280
2791
13583
8749
11826
3417
6188
15533
4327
13960
13903
7975
12235
2935
6229
8260
13954
14080
12815
8404
10056
7421
8638
15622
8598
12127
7875
8891
15728
7678
3086
3286
14101
4758
8121
2541
8383
3920
13643
8135
12409
13307
763
1240
8068
13154
5522
6099
2568
14766
13399
12105
9946
6572
2502
14147
2924
7387
38
7717
6609
13166
2714
10016
12675
2828
8335
11241
15640
2941
3847
1697
3022
3283
14380
9058
2527
10097
14765
8901
3725
12385
4172
3262
15002
692
7247
7655
3576
4338
11367
11569
6949
13791
15671
5928
3815
5142
9462
8319
4710
5586
2236
11796
5087
12365
16077
10064
15464
4508
181
12682
4385
3530
12528
12904
4671
9131
428
12217
11681
11739
5661
13207
12180
9340
11627
10081
6920
4904
14382
15004
9798
3443
6839
14264
11861
8621
10080
11366
11679
12215
10027
2413
7046
4565
10515
1955
389
14699
969
5604
10276
12123
1222
11724
7345
6758
4535
5358
16054
6403
3762
5081
8916
15320
4042
2317
10598
1099
12267
3301
10740
7298
1153
12008
3909
845
16090
12614
11158
9638
13873
2047
13320
14604
12592
3999
8663
651
9169
9252
3110
8617
8923
3092
10047
16079
10366
9875
5698
2489
6507
10101
9255
104
7835
2759
9957
12575
565
12188
10062
8559
4476
9978
13402
2772
11315
5281
18
11967
8275
11979
4773
4570
3635
6212
11906
13422
9432
13656
7113
8020
12475
15530
13825
9256
5887
6328
2451
2689
7932
16133
15734
3358
11124
5257
12757
1543
7299
7735
5738
2433
477
3597
15976
3382
7733
7571
9878
5241
11599
13957
8926
5613
7485
1744
8092
4981
6362
1390
6028
1540
10479
9031
6528
8141
11259
14930
3450
8390
11352
2269
2338
2999
7817
15772
10557
10343
4200
626
719
13067
10899
3654
2372
6933
5386
5214
15055
5733
10154
11954
14685
7420
604
10425
10315
15567
15917
963
11917
4816
8822
10768
1475
11935
7870
15430
12550
8350
2838
2875
9605
6258
5653
6692
7255
8387
3019
1637
943
10454
15122
5767
15859
5354
1962
12600
12705
7516
5972
5473
10963
1242
9860
3527
14535
14228
11620
8303
16191
5726
479
14774
13829
4984
6004
110
4309
5111
12369
1368
10424
8111
15211
8017
15037
14894
14916
10446
9376
15420
14545
1995
649
5676
9557
7164
12256
5924
2631
791
7269
15373
4057
10120
11275
1110
15282
13337
4923
7368
12348
10579
13915
6619
2297
5347
6082
9929
6318
11454
6914
9796
11932
13352
324
7116
432
1826
11625
1751
4070
204
15638
14760
10667
15409
15840
10079
3511
5758
6097
10175
7624
6441
7274
111
595
14306
2271
14849
10211
9640
15370
3430
16268
8164
9880
13585
7300
14094
8699
9415
15510
5465
14516
7283
7238
5524
12510
4809
11644
4960
15831
15141
3940
16027
15862
574
4316
10551
6702
2491
5460
4062
5291
9151
12093
15065
6020
7464
197
1292
12114
6271
10702
12096
4
9393
6719
6415
14941
1649
15794
14710
1043
9602
8226
978
2618
2636
15631
8216
2649
15938
14631
14121
8763
3855
13140
12286
2589
3368
10743
819
8694
5566
4840
12363
12690
10726
8579
14893
7155
12681
14967
10663
5346
670
6422
4491
3776
15820
5618
13371
10565
848
5551
9941
11150
11184
7410
9471
2201
16169
563
12216
5432
2608
4173
13807
11227
11634
4717
5219
10538
2532
5642
14835
7605
9812
3470
14947
4636
5938
8759
13243
10324
8191
7249
2578
3341
2054
206
10458
2697
764
2148
7151
6802
11187
10865
15605
15494
15346
10938
9662
9594
1416
5897
3297
13803
646
4722
3593
8243
5692
13440
8675
13891
4185
12046
3113
4764
2654
1902
3898
3051
12817
2987
6718
14427
15807
4308
12340
10100
15637
2086
857
13499
800
2162
7641
8077
16229
8965
8734
3559
12838
8309
4472
13815
11720
7895
4949
11589
2006
874
12516
12117
8089
10485
6106
1728
2039
12168
13922
1275
4589
7630
12650
15238
2849
4335
3471
6214
13999
2396
401
560
4292
16034
7556
14274
3017
9643
13727
836
5100
3311
9443
11831
16274
10857
1675
2455
5211
11294
2258
8662
10113
4812
10316
8392
2576
1549
10828
4383
9766
13687
15078
201
9533
2518
3831
14574
3131
15606
5499
13717
1086
770
1986
3785
448
3592
11715
7443
6075
2276
9312
10285
11135
7103
10761
939
8261
2151
6650
14038
6219
15148
8821
734
6480
4296
11002
14496
10331
13921
4466
3955
2123
11347
10883
3451
10846
74
14404
16350
4563
15893
84
4366
9139
10599
8974
2595
8409
1947
13795
792
2564
1208
8845
3879
5719
10207
1770
4950
7101
7237
11755
9893
14546
9825
9321
6878
5479
12619
9559
10849
7256
3347
6228
16356
8204
12617
14337
2005
2857
4748
14652
9930
506
3500
13412
11956
3532
11260
11159
5601
11708
11539
8747
7548
15350
6291
409
4968
3541
6027
10867
3410
14396
16109
8436
12077
9917
6860
13501
1830
9069
15849
10541
15783
10186
6951
9914
3832
1939
14371
3174
12386
6210
12211
16314
6042
15965
11937
6582
12030
13217
6581
2323
10750
5498
5020
15850
3008
3740
13295
11683
3494
8787
4294
11457
399
2540
4894
4948
11896
3645
4080
14193
1023
4803
9465
981
3873
14635
455
3742
1030
7091
9440
9213
6335
4452
13138
11215
15659
10894
12036
1283
4130
1306
8382
2830
5406
4240
2066
6048
3974
7527
5597
15363
99
10117
14112
7682
10419
13801
14241
13988
7261
3070
6559
7227
3826
15985
9681
15118
11646
10089
11767
11725
12484
2553
5276
4132
4135
100
8707
11886
7439
7494
12194
14571
6813
5143
1054
223
8930
14675
2115
7731
6684
8465
14776
9955
334
13358
6700
14086
11851
11576
10614
3453
364
9884
16286
7597
2623
15940
12862
215
3505
15986
15935
13540
798
1970
13767
11432
1052
14913
9231
4365
6167
13713
11295
16168
871
7080
13266
12482
1797
14756
2800
5654
12899
7554
1727
14011
3809
13886
15244
15880
14984
15457
11731
1214
9664
12589
5573
12987
5809
10279
9285
12646
13079
11013
1267
14077
8594
10010
8760
8033
8837
10736
5425
5198
4428
1025
771
12338
8782
9063
2340
7290
12983
8977
15196
7425
14861
2126
12642
12498
1328
3741
9103
15160
16262
4995
15699
16145
16278
82
15932
9971
8442
15149
809
12709
12816
8545
8492
15542
4842
3459
1795
6537
12796
1441
5969
1350
3413
15528
804
531
9215
10390
16057
1041
12187
10042
11429
762
12640
14904
8672
11070
3558
13122
14412
12057
4018
14880
11363
4465
15039
12930
10378
16323
4458
2873
12461
2872
13208
8910
15431
13017
2704
7118
11542
5829
9597
13509
2449
9284
2531
15069
8371
117
13224
4549
14263
10268
14975
6928
10234
15911
3689
5040
14164
15511
5819
13827
9363
218
10184
2998
10772
11049
15462
13868
4847
10612
13161
15775
12740
8364
10690
13885
12181
1825
2659
8677
5543
8890
10379
9943
2134
14829
6873
16144
12959
9287
7982
8097
1335
2901
5542
12375
7323
7885
305
6736
11763
11610
3975
3949
15164
10074
7816
11423
10809
9823
2310
11011
10683
14041
15427
9987
14218
9658
11125
8534
16217
10280
2561
940
11764
4791
1944
7181
3821
15195
10914
9739
6771
12648
2864
3075
7798
9315
8758
12236
4391
8140
5905
10145
10040
16032
7702
9042
2175
4919
3525
2769
9890
11562
13906
148
6158
15079
6360
13702
8370
11732
4517
6517
15941
14001
11162
8509
12337
6966
8340
13516
11678
14563
901
785
14328
14736
15015
2681
1185
3767
2073
1867
5076
2234
14553
6645
3243
14568
4827
14596
9567
12271
7150
7789
2863
6805
13530
6889
8012
1461
8083
14020
1857
11390
8713
1203
16197
704
5845
13846
2302
4542
7734
6359
2440
1956
12851
1514
12950
3903
10461
5787
2251
7979
6012
1124
854
10385
9764
13658
4584
7272
14362
8537
5437
10464
7594
8789
12968
11318
7486
6906
14256
9738
2246
4699
10410
11383
14593
13303
6974
13870
10412
1192
13038
13181
2648
13471
14461
11616
10140
6470
13879
15247
382
5389
13890
12795
6449
7165
8440
1994
11469
8448
10954
2030
10480
5724
15701
7241
9168
9898
11350
10861
5716
2664
13993
6895
8640
11674
2805
4139
2409
1913
12756
4134
5327
2741
11714
11966
8195
11844
4167
16302
4697
5664
7000
16332
1510
4834
14456
15044
12745
6762
3907
6866
3578
659
3987
12164
13233
14537
904
15383
10776
4115
11234
5861
2009
5312
10794
11382
8946
12301
4372
9818
6355
3852
6251
15599
6660
6389
15359
10762
9209
11974
10819
3524
6504
4723
3040
7270
13939
7795
16164
4376
16263
13646
15513
11138
2972
703
1429
8720
4781
13943
2510
13843
9500
5122
13263
10915
15584
13414
6676
1316
3726
15269
14697
8449
325
10233
8919
3760
9222
12129
3934
10603
3841
12102
1062
12371
1921
8709
778
7580
7528
9407
6789
9414
11471
994
4577
11662
15073
11911
4778
14213
2044
13314
2902
408
16051
9193
600
4620
5097
8660
9532
3979
13784
15793
2145
5912
1007
1882
11176
403
12124
3637
8878
5560
4123
2343
9604
8181
6358
6213
8907
12588
12496
8792
14238
5116
4287
7725
12225
11398
12328
4263
11087
8882
3910
5798
3137
13822
3362
6535
15861
14466
5503
2515
5596
873
13368
13797
2097
10978
5694
6435
5280
7966
11293
1888
9779
10500
8633
10177
2905
2375
15499
12068
824
12248
1499
4696
7996
4459
13665
2135
6055
4204
9731
3891
4119
13400
8264
14934
6294
6296
15810
784
9018
12251
11472
2709
10999
858
1691
6705
9050
528
14917
10807
14333
5796
9217
6888
8650
4410
11597
6341
16285
13565
1295
6828
3476
108
13151
8530
13756
2239
13877
10573
8645
2064
4473
5629
3394
14543
15071
9953
2764
247
3897
5541
10142
11377
15577
2788
16100
3632
10651
15453
13970
14847
623
15026
5413
1465
11345
4405
9689
11266
11939
1134
8661
14166
10224
676
1611
7666
1938
8037
650
12221
8896
16022
6039
48
12001
13409
9164
6323
10254
10976
5205
2917
8831
11551
7854
10641
9580
15713
9695
8920
1049
8680
6653
15336
6658
10704
10474
4386
1440
11431
14347
13630
14123
2404
8408
4039
9553
11790
3839
1935
540
6831
9006
6930
3603
10123
12090
10871
6331
465
4117
8105
10137
8134
529
5213
1966
634
9729
9999
9628
10453
11613
2974
7120
203
10269
3499
6566
14367
1220
14702
164
43
12657
13673
13816
10067
3889
14525
7727
16272
9637
11793
10712
4897
11533
3268
11555
7908
14073
4787
16
12801
9686
15500
4991
6498
10562
13946
13164
2984
9339
8391
11582
7478
14938
8269
1833
10569
2374
15031
7026
8892
13191
15482
8634
9147
8888
10555
9478
4037
8860
11435
15049
15991
3312
10905
9896
9758
726
10354
16253
5212
10968
5001
11512
11410
15834
10161
5229
12354
4195
10374
13147
4719
10053
13035
9698
3665
2760
11480
5028
504
15439
9821
8327
13863
257
16365
9657
5760
8603
1396
16053
8323
13074
15968
16151
212
3630
488
16044
8109
3112
15313
1322
1700
472
10340
12043
7518
6615
10989
2364
7572
2650
6940
11351
5951
10106
2211
7002
1926
11829
2033
10607
10317
13651
8124
13130
1469
15236
4009
2663
11302
6201
13393
2377
1076
6257
1949
8716
7898
15828
3381
12239
2388
15307
16073
8616
12065
3666
12747
6016
7142
4136
11671
7713
14084
5945
15442
9244
7252
1544
6968
5497
6230
12905
14745
3699
10493
11711
12302
10057
7363
14731
8188
12310
1090
7840
725
16078
13429
12161
6165
16193
13527
9137
15318
10443
12504
11969
3021
9620
11878
5659
5640
1767
3615
4012
16149
3275
3625
9830
10203
128
13610
205
7453
15674
15596
106
13111
1467
2961
3013
12842
7076
1537
2547
8070
9310
7105
11053
7649
14569
11452
1009
12083
13941
8730
672
12113
5800
2223
14821
4236
6694
9379
12342
2893
7742
11557
15914
13950
7801
8761
12660
10924
3930
12345
5361
14708
4060
7491
8697
13251
6300
6216
10589
12958
6175
5863
14963
15481
14747
15555
4194
3144
11558
10833
14144
5916
990
407
12880
9072
1839
3342
2173
16171
3707
9335
7513
3318
14915
8962
7277
7985
9677
2866
6874
3327
10078
4464
15260
4058
10210
7505
1633
13569
14047
9207
8165
3563
13771
11286
8110
15953
5167
9481
12865
217
7694
16082
8628
15817
14905
8503
838
13838
928
14261
4339
5471
2506
15435
7216
3905
6892
15230
11987
10813
282
256
15564
15432
8133
705
9849
10287
9278
4609
12946
3176
15295
9885
14462
8952
6387
3139
6419
4653
5344
12218
10388
8817
8018
7316
3181
10059
5041
5352
11341
12309
13600
9253
4191
16337
12918
4986
9762
4901
11362
8014
10321
13757
101
6221
15042
8670
4987
16150
8245
961
8384
9641
2767
9600
8339
289
9101
16371
14882
1252
4090
9506
3293
6861
15574
6842
14391
5178
4614
5268
960
7279
1707
11529
13693
10440
15472
6426
6524
12141
4159
14969
12545
10863
13684
7022
7831
5959
6757
13223
15124
12170
1777
8029
340
7034
1357
3542
876
870
10891
12546
9300
274
13442
5982
5859
10982
15884
7910
2002
5338
7639
118
1724
5697
10061
4911
2609
8531
2897
7815
1851
12126
14221
3680
11794
7977
908
6800
12537
14178
8422
13994
14594
8114
2927
12680
15704
5899
12658
12812
1070
9590
4680
12324
11628
10902
15379
9630
15745
10691
6193
10000
3444
7184
14514
2106
10491
13487
3911
1273
11843
6612
15424
14209
13835
3158
12620
3150
3765
381
5847
5485
12911
7206
6134
6756
7818
5894
7467
4823
6468
5420
5221
3912
14048
16316
14075
8123
3681
13847
12506
16333
944
1015
2736
3918
5939
5375
12314
2729
1677
8271
3203
4983
331
11337
5735
11821
7148
2551
4509
722
3357
14923
7625
9833
971
9993
8895
12174
13495
9452
10386
5590
1351
397
12561
6520
3856
14280
9679
9940
6864
14548
5029
7872
6954
3634
14265
14303
10363
13900
6149
7792
4714
2562
4277
9583
818
912
4715
13867
6105
1411
3981
2813
15732
5562
14138
10587
2092
9666
1215
9032
6172
8173
6273
4328
7920
8214
13496
674
1619
16015
7372
10069
15184
1626
3797
9900
2824
12009
4280
5748
5812
1760
10889
15999
7889
13883
9040
15131
12706
5236
8733
11074
8352
13015
5884
16368
9867
1519
7754
9189
10118
16366
2545
5141
4201
12956
1349
15613
592
9241
7686
11134
12474
15491
8756
843
90
5512
1477
4374
6102
505
5088
16125
10289
9264
13128
13691
8466
9848
5750
14130
1563
14411
6907
10950
13823
6746
5919
14936
7956
11608
9627
6428
7705
14591
15006
9836
4259
6845
2978
11143
2787
4632
10777
15020
15256
14678
3778
14616
12179
9459
9176
8468
14567
15800
12308
7736
7646
10459
14087
2215
8186
8075
7064
12193
3824
1941
2808
4663
10745
9457
1854
3027
5985
3416
9237
16132
11824
6725
8071
15978
2192
6224
3516
11595
9133
12727
4078
11161
10189
9621
4109
5896
7260
10311
1768
5784
498
11933
3425
2603
8069
16006
14831
8038
12738
2202
13080
9307
11502
750
9826
9303
8883
2717
11673
8049
12751
5193
532
16058
9079
11788
3956
11887
13497
2362
6274
11446
11660
9142
1789
8853
10554
15106
4996
13185
10235
13779
6748
12978
13742
3323
13592
12599
8461
1629
14082
13977
309
13331
14157
641
15441
294
8488
10437
11489
9427
4266
1370
14299
6254
7304
3687
3208
5063
2231
1135
2062
909
9954
12896
2885
12867
8526
7586
9271
5902
5841
1884
3003
9844
8846
6569
10530
4794
9873
14262
7823
3042
11190
9579
12323
9400
15822
5428
6270
15522
11233
26
1718
14809
16088
6353
384
186
6108
13034
16192
3877
12020
11719
6090
10304
11749
1858
9554
5365
13947
13931
10758
6784
12881
12368
9574
10830
13465
12596
9881
13001
1199
10296
16039
14907
16305
6371
77
374
10358
3570
1018
3636
10332
2701
1866
1859
3397
13057
1972
2686
12698
4861
2480
14495
13554
14189
9406
9619
1630
3299
6971
12689
1595
9730
13595
1277
3371
1674
11080
10243
1901
14425
1106
16087
13836
1804
9669
12433
2612
259
2019
390
7124
12708
9866
2628
15076
15963
14539
15848
3817
9682
9458
10395
12819
2512
3039
10401
16254
3057
14657
4664
2158
13235
9306
14533
13061
12679
12909
4129
8433
603
15937
12398
3519
9480
4318
16129
13884
15650
8522
12902
952
15942
12970
5519
8094
10416
6407
9085
566
4175
7777
10232
2521
4546
4350
833
13137
7342
8866
129
3487
8030
16105
6654
14179
2519
7498
9107
7510
4430
3289
8284
14220
10511
12963
5641
8608
13571
887
15649
378
5967
13247
4229
8064
13639
9705
15801
11276
8306
11515
13356
13712
5172
15592
7627
10319
3616
15033
10624
2880
13052
12434
8277
7588
9263
4599
12247
13434
14036
3154
570
283
15667
7753
12691
5165
13888
11859
9661
12982
7119
8500
12224
8322
8966
14454
7293
8161
7672
3423
12608
11511
14005
10426
13470
14431
14663
6795
3229
4014
10790
304
13168
9220
15347
15296
15280
10365
9096
13760
13518
12508
6123
4971
9937
3458
2390
4925
7331
15300
9150
12554
7924
2990
1132
1917
1326
6984
9853
7763
13948
16330
3186
11420
5207
15680
2093
7768
8437
9622
11426
7907
13491
789
3462
8090
14310
9227
9646
6706
12971
11300
14399
14542
10077
8307
445
12063
1552
1969
879
13910
1379
10249
12274
9367
8784
2853
1539
15338
5826
12399
4730
4838
13839
14246
5821
936
10733
4248
8508
335
15997
6246
11564
1028
9958
3793
13093
13659
11923
1078
16040
4536
8868
13005
12376
12935
15979
7446
13425
2345
11428
4251
14357
4097
12943
7028
7668
2368
11297
8987
9422
7995
10782
6961
5737
16343
9397
3914
2331
4805
12685
9258
3104
11090
6643
12329
15639
11224
12372
13840
13965
4868
6493
6822
12566
8735
2577
16318
6209
732
5837
14481
5260
16281
10245
9769
3553
10912
13523
1793
3735
7362
8898
3146
13590
14866
13790
8995
2294
6065
13119
7414
3544
2969
4006
2624
5
9352
12357
8212
3638
5873
9242
13012
4305
3682
1990
10904
16289
5246
3994
8136
7318
15835
14027
606
11206
5517
178
14641
3128
9582
1659
3383
14300
10469
5852
16086
2157
312
10246
6556
9876
11069
8060
10086
10046
13180
12927
6473
12671
15737
4354
7477
1511
10609
4520
14170
1506
10906
11771
2058
4522
11442
14583
4010
7311
8777
14325
14854
10781
2752
2280
5622
3901
7615
471
16148
16252
551
7878
1204
10866
11707
2754
6883
8354
9707
16194
1064
11025
4429
5811
9296
10951
10613
14732
2282
3000
12609
11425
11623
450
268
2108
9437
10700
5561
3504
13143
6880
15881
3668
13789
4706
4035
16092
6994
15812
15326
1838
12394
12809
1737
15096
15329
179
10686
10188
727
12344
13528
2021
1661
3590
11198
12283
846
329
5762
1068
9959
14369
13169
10399
9090
4436
4479
2827
16358
724
14901
12913
13961
11833
7005
16143
13389
10015
10322
13525
2790
14595
6605
10226
3071
3014
15267
16349
5067
11213
15112
14527
11580
7635
10558
10009
507
14884
998
15960
6965
7015
10590
4320
15526
87
11008
10647
4203
9703
8373
7782
4226
13428
7354
7868
1293
9149
13023
15721
13894
14503
2810
9512
15959
3977
11324
15736
15569
10241
8151
1927
6225
12307
387
8506
7970
12298
13902
2761
14613
1580
11255
14217
9113
15032
4905
7319
14348
12476
1219
4654
6368
3598
12029
11298
14813
15552
14845
7110
5357
12616
12152
13821
13641
13213
12563
490
12547
2765
14000
3596
6632
2296
16241
1116
16271
14227
7723
11466
5228
11751
14195
12011
4499
14865
5501
9319
12410
8778
5369
15602
10108
2048
15075
8899
95
7004
8834
14858
16091
7429
4224
16363
8239
14627
11828
9907
6585
2436
7820
7888
10221
2676
13272
11450
15983
1165
7087
8189
9344
344
166
2782
3550
1578
6924
665
11344
7684
7003
2333
5453
14354
11925
4189
10182
15580
8330
7746
11106
1289
5751
12038
1420
13415
7564
1887
15786
14993
8244
6666
13859
1312
3074
3573
12116
9334
3474
14346
12573
5051
11194
3056
14686
15900
1183
774
2784
8242
1509
2815
741
11361
79
7833
9477
9125
4635
7061
2373
13010
12101
4218
6761
2840
5048
16213
10659
6122
7553
8615
5973
7321
1934
9721
1281
5598
10616
3639
1645
16008
2669
12052
9806
701
11587
10936
8341
3197
12292
2286
5481
12897
1101
11247
12317
8578
16319
2952
10918
7460
6111
5094
14383
14564
8631
11659
7520
10928
1045
140
2908
4485
16163
4319
14588
1084
7675
12395
6305
451
3097
7751
7400
1812
4199
15448
10539
1836
9441
9863
92
8928
10003
9960
6476
9966
5320
875
15722
2264
15010
11047
13367
15229
15690
13551
13697
14449
16327
14832
9563
9949
5201
3627
9368
10308
12291
3105
10818
5648
3751
12562
3631
1055
5935
2193
6573
7395
15757
6738
2446
2473
6223
8155
8518
4806
1981
11746
5294
12612
12176
5589
5262
236
12017
3750
7055
1988
12441
7149
682
12322
7126
13338
9802
2773
7606
11387
16154
12869
11538
13321
7633
9546
11716
15679
15509
691
3120
16106
5204
2226
10171
34
6136
14519
14606
50
12964
1279
15158
6670
393
8752
1402
3432
3747
6648
16099
8523
9715
1668
14680
5970
15672
6588
7899
5996
5552
8462
11593
4179
12765
14498
1302
3136
2922
4214
13720
12618
7978
14185
3463
16364
13799
233
15237
15259
11394
14551
6041
12611
4439
9684
1498
9309
13332
4745
2816
1813
8424
2016
15358
6792
15712
7476
4352
9803
10492
8478
15860
10955
2660
11745
10360
8376
3124
1436
10239
12548
3568
10806
11268
13842
4755
3006
9593
9514
15758
423
10418
15573
4954
5286
8681
10769
7504
7800
14763
8067
4639
15928
3600
12333
13489
8602
2081
15400
8048
2674
11568
1612
13435
9713
14784
530
6125
3931
14691
16160
1874
955
14245
3733
976
3591
3173
6277
4271
13546
3396
16026
1617
1639
14153
14032
5933
2735
10273
4072
10260
13880
1564
8812
11986
1181
9791
544
9767
10597
5955
9805
6297
8385
10996
11154
2733
10505
13938
4896
11944
12226
4033
8738
1038
327
12961
11919
16068
6915
14363
2964
15450
15315
3023
3807
10671
3543
499
15161
5118
4598
16227
3169
1444
15857
3986
8223
4133
5893
6723
13577
2197
12358
6453
11332
4811
9279
16228
1344
12663
7074
4734
14586
12883
14684
4810
8353
5890
4915
11202
11816
4312
6000
13521
13562
12564
11574
9083
669
14700
1597
12172
4299
11484
14350
5682
13507
3083
12331
10020
11592
10677
5151
12205
13912
2586
4687
10784
11871
3132
3294
4862
1538
13858
3402
11698
12074
11414
7944
12852
3947
2683
11430
11045
12847
10300
6150
9783
12786
5336
1568
1943
4497
10845
4693
9536
3714
16315
2042
2024
2945
4939
15742
12788
739
9570
11759
12379
1159
2619
7114
15601
3928
5667
3304
7205
12261
14592
3783
9854
8698
7288
11269
4147
7141
6733
1892
10
8501
4407
13341
8827
14126
5316
4163
11485
4470
4955
1974
14122
13271
5559
9025
6288
14284
2530
2012
4708
1012
6324
1953
5691
12906
7915
4093
2750
8948
2004
14983
5577
13636
4792
10738
234
8346
12856
13481
12777
10568
10695
5739
9906
4357
664
15508
15388
9771
1200
5582
6793
6003
8843
8259
2199
3211
10892
5663
11837
12349
13256
6295
8972
11830
10646
12443
968
6811
8859
9130
1022
13820
15532
6853
919
15790
15756
12931
5799
13193
32
15233
1863
2832
14089
7097
1433
15176
15343
14250
6830
14897
3866
15826
14668
7172
13685
13029
2645
9399
11832
6340
1059
1690
16094
15766
12854
1800
14410
8363
15231
14871
10672
288
6945
12602
11874
8366
7626
12733
10463
6635
3518
3652
14550
3605
10302
13708
464
6365
737
8065
3260
1285
2625
5510
1561
13461
2098
13558
6490
4973
7681
14826
5633
7613
11559
11676
5163
7379
5179
12633
6986
6281
402
11212
900
8043
13852
6064
6862
12325
2057
7102
5189
13157
4253
4977
13025
3141
10267
1555
3581
10576
6995
14991
8047
8658
3378
13091
11971
12737
8454
9487
14493
14838
8669
15063
16059
4190
12185
444
14188
7507
6351
6076
10394
13500
9542
10664
13125
8599
5718
13088
7339
11010
12629
8227
11780
13979
4420
6143
15376
667
5148
15130
11085
13190
14968
10187
11157
4790
14324
689
9433
12806
4506
1270
690
10669
12921
4814
4016
3959
4757
4019
8022
6429
13127
2751
6530
11043
14939
5086
10278
2254
11685
15885
12704
9129
10756
22
1129
10072
891
6440
7292
2438
13282
3802
15281
10455
11385
8527
6832
11553
8813
851
13982
6689
14249
5248
154
14304
8088
78
12454
9235
12822
9451
13445
4155
5070
9521
11632
15668
10800
14667
5404
2970
14764
15027
8931
11591
3510
765
5594
8009
7438
6810
12066
14802
14547
6773
3045
248
11525
7998
1459
1954
6408
1642
11019
12294
4120
1603
8375
2319
2786
6506
15594
3046
8605
7125
12144
6464
6564
9413
13952
14844
2407
14197
5940
12759
9524
11196
2150
6503
865
4515
2591
8004
10619
4076
12597
13567
15517
5429
6970
12525
6938
10610
16239
1319
10570
6352
6314
12991
14259
9360
15168
14143
582
5907
6199
6431
11402
6187
8651
1569
1231
14654
14518
1363
10183
3316
2359
7724
4677
9496
2843
4524
7965
11973
11373
131
15553
11730
8026
9752
7089
9839
9088
1662
12436
8575
662
8
13026
2579
10170
6418
9984
5134
5138
6411
10942
11348
10709
14224
4103
15901
12055
8276
1164
7262
7104
10801
16107
7248
13762
8521
1179
5475
15761
13372
15445
7555
8639
13985
10110
15003
7922
1286
1828
12002
8552
11272
13502
4241
11063
226
15748
8816
783
10482
14104
10174
4858
7224
15612
2266
11100
1557
13579
5743
14271
5461
2513
7826
469
3266
1490
6871
13770
11391
6812
6868
12771
12773
16065
14074
15166
9428
8632
2382
7211
453
9589
5476
13171
15362
1779
12085
11605
12713
4633
15086
6885
3098
15818
9846
1775
16345
9555
15410
9455
7720
7130
4940
1582
1548
13020
3863
4593
7068
14924
12665
252
8960
7619
9842
10218
4161
15386
14336
1342
9673
12303
1272
3675
1067
14672
1169
2652
14999
12746
8190
9560
8771
6661
3893
5188
10506
11615
7794
15425
19
4413
11099
7349
7401
224
3759
8249
1886
12580
12836
3606
15711
13808
11566
9472
13620
6870
6114
1585
14139
15171
6374
9333
6093
15008
7900
11518
4107
14853
14244
1558
15887
5355
5720
8783
11145
6620
16117
12711
16013
7582
4885
8053
7952
8225
14483
10119
2118
5410
3103
12829
10303
10608
15090
6597
14156
1437
5035
6714
6117
16344
2644
10802
133
1599
338
15133
16234
12571
16048
11237
6872
14649
3789
15360
11403
518
15536
10859
1151
8427
7607
10983
1128
12078
13875
7221
1817
609
13996
1405
8505
6536
245
13008
8439
10442
15747
945
54
8872
15803
13478
9778
492
5034
7892
14428
9952
8958
2008
15173
1014
9029
11309
5140
4762
9586
458
15972
3924
15654
2848
5378
11885
16232
1428
9701
1296
12654
8258
12749
64
12064
16215
5932
7315
12321
3763
5173
11700
16206
9935
5258
345
5307
5300
13313
6286
14225
14841
6222
2823
9301
5341
14920
5445
8400
1577
10715
10295
13129
15791
605
93
1769
13675
8541
9508
754
9773
1453
3370
5426
4217
2522
772
8665
2889
3810
9061
5304
12491
13889
15374
3254
9313
11478
15092
14
9036
4094
11330
6058
10718
12240
898
286
10034
10334
3968
3193
15327
15017
4402
4899
14015
5399
1056
11091
6682
4234
14211
3447
4652
9336
15920
5668
4553
51
13860
2253
10638
4279
14856
13261
10011
14289
14295
12290
12636
10657
6061
15760
7665
6962
8027
2745
7658
6659
9431
8146
3536
5113
15179
5892
13625
10466
13097
13737
15531
5599
9267
9502
4302
10185
1787
12948
12850
2894
3315
5422
12233
5082
102
14909
5526
5321
16325
15802
10130
13597
8003
15356
9297
11500
15165
3670
6627
10274
8858
3050
9515
9071
11252
13182
13066
14965
275
4796
6087
8573
9257
4164
243
14293
8604
9262
15827
4487
3748
11096
6728
12076
8257
1140
16061
12422
4303
6929
5866
4867
81
8546
6698
1266
12941
14187
5062
6921
12910
9745
3363
11642
11563
15418
10253
14928
14063
13531
8210
14420
11017
556
5660
16288
8321
15392
2831
7728
10586
5707
4906
13420
149
12407
9768
8564
1635
1790
15157
7284
5681
14581
12382
5770
1378
3080
7243
8178
3190
15476
8692
10974
1773
13689
15385
2028
31
12924
6163
6985
3754
6478
6267
2389
4092
2065
4001
16322
9631
7524
1388
3415
4976
15203
14393
2171
6445
11027
6190
3971
3392
11607
7437
15673
6171
15087
15217
950
15797
6334
1841
16113
14093
13419
5032
5332
6896
521
4059
10212
6742
12912
11121
829
8405
12178
12827
11376
2802
1588
6545
11982
1755
7559
10869
6052
1556
4040
3334
13907
14069
12870
13557
1251
10729
1374
16260
8208
3009
3790
913
1147
14665
2386
15355
7757
6726
8485
265
779
8998
3205
15957
9526
9308
308
7812
15172
3192
1502
14803
1891
5849
4560
1980
14943
7969
6046
2845
7423
10644
12908
9883
15795
10038
2210
13664
3757
45
9981
10102
8664
6601
6141
6948
3481
15541
4056
14190
4870
15489
15878
2593
782
1355
8691
7538
15251
9793
4507
6668
9663
10291
3900
13529
921
3353
4225
13047
14669
5249
3237
8861
8736
143
2673
9473
6007
3777
15046
5801
12411
1762
7552
9632
5180
9114
10640
9357
6514
13037
4879
12674
3973
14621
11810
1890
14908
6433
13804
4540
9243
5039
7634
5867
13766
3121
2143
14895
15375
4689
4519
7208
6393
15335
12505
15904
5678
1889
12033
6396
12265
3567
2909
5004
14180
7652
12453
3012
10476
5482
10489
1103
13607
15098
5239
5881
8643
2622
14590
14515
2949
1942
13348
4704
10006
3872
13841
15764
8809
1207
3498
2127
12253
7332
1063
297
4970
3865
7841
284
13392
8591
7312
4004
11037
7049
9120
8477
9224
9781
6485
11285
1796
2809
11401
6799
12655
14145
11963
2781
3501
6626
7040
1694
8481
15851
10838
1324
15890
380
12839
9124
6398
5954
16161
12613
187
5929
2954
7881
5007
5313
10510
979
7497
3209
13655
5259
8205
5922
8362
6554
11012
3728
5785
10095
896
15402
14390
2789
1907
3871
14902
10804
13011
15234
266
8119
15331
10017
5656
12998
9232
1864
11765
5019
5591
15907
14630
12791
1346
12840
8218
6377
5990
3170
8826
2298
2315
5851
1032
13165
8762
5523
16071
12779
4903
12569
5857
10508
5827
4922
9598
3255
2728
4511
4274
80
10839
8149
6980
15209
2133
10645
8349
15955
10409
3835
2542
8768
14772
7648
2569
3595
11718
7398
15780
4863
5103
12219
2425
13796
10751
1094
2977
12208
1359
4631
9059
2529
13570
8233
1202
5084
4210
3673
2656
4849
6942
2084
5764
11265
2543
13690
6855
10307
8254
9549
933
14609
9081
11509
992
14770
14169
14474
10043
15894
3240
14658
6897
656
14757
10847
6112
15719
5645
9245
10595
230
3840
7891
12326
5120
15183
9606
3478
10630
4394
8708
15121
15778
4503
13533
15151
11186
467
1320
1072
16136
14552
6875
14286
5763
3858
12622
9076
1417
13973
6731
2160
2699
1122
16056
3850
8418
13063
14751
13750
9932
695
11689
16236
1287
1918
7779
13694
8367
3102
5504
2928
13212
953
7827
14677
6138
11335
14444
6031
11733
10862
7111
5531
5619
12878
12392
706
10648
10572
7313
10526
11962
11792
13715
10104
7971
9838
4829
1608
1104
8969
5802
1356
12003
11650
13855
2859
3626
2392
12966
6852
16287
3352
12863
8991
8656
11333
13204
10065
3384
13113
7106
12347
4684
14423
238
8402
3739
12972
3676
2365
13454
14758
2220
5287
1660
13505
4408
250
1415
16177
12726
12184
8936
15309
15502
12532
7337
4788
7480
28
1340
14326
13339
5672
7093
12424
11421
11918
6508
13811
11303
4324
8086
2639
9751
14549
12273
16346
2925
8549
1138
4555
4166
7267
8441
7670
13230
11643
1216
12808
702
16111
13971
5576
2398
11222
6474
5407
14952
14985
13070
12150
1517
10621
15325
2565
5014
7804
12281
10990
1476
8652
14460
6510
13547
12767
16203
8310
4169
5487
3135
740
4597
2262
10795
2916
8793
9047
9648
4895
14878
14843
16380
13532
5815
4463
11981
2285
15753
11496
8984
9109
12638
7862
3160
1088
4174
7204
14057
2479
12719
7492
4891
941
14674
5157
11445
3716
6319
10180
3351
15384
4052
11290
5862
5417
11095
12932
15348
7948
14524
9203
11490
5506
11301
8571
8897
5091
3175
13512
8769
9390
15871
13051
10723
542
9886
5052
11949
7687
4711
8428
1381
14200
16016
6967
16140
4396
6834
15554
3985
2665
13291
16122
15465
1174
14003
13421
5825
15312
4622
1551
13250
8066
5513
10941
1042
13369
2655
6074
6320
72
14820
4000
12206
5843
12752
6804
1894
6823
12989
5043
12094
1386
9676
9924
6181
14453
1550
1977
14873
3880
13312
115
7419
12494
2427
9790
2488
749
4404
11836
5247
3886
867
1008
1516
13114
9724
3055
4938
9033
9551
11669
11680
13981
6264
1131
5072
2590
7953
1715
2079
1875
2069
11123
14476
473
8988
1288
15604
4947
12330
9775
1484
8547
6964
7242
17
15487
10336
13861
5427
12527
2973
13221
15521
439
3503
14840
7424
15931
13206
6461
2196
9094
14066
3539
146
12697
9720
3235
13
475
8606
2858
3437
13560
2836
298
2351
1666
5132
549
8728
8795
16297
15726
13945
9425
3
6278
9714
12717
10825
2841
7396
2886
10577
11444
7805
5571
11110
13596
15468
15240
6901
8091
8202
8686
8052
5409
14805
5438
14978
3837
644
12831
12237
2942
7848
8286
10266
3698
7704
3712
12925
11901
2384
13141
4579
1752
4453
5468
2968
2406
572
9316
11930
452
13299
11774
661
11148
3202
6040
10585
12062
7063
3818
14648
3927
9020
1127
4801
796
2283
12311
5879
10970
11250
4941
6399
11892
12417
6754
15626
14714
10318
16291
4675
10922
4348
5774
3602
6652
6911
5282
7603
5127
3611
7874
3965
10927
2393
14944
8042
11439
13411
8721
13614
13302
568
9931
3752
8953
9974
15687
5734
7163
4036
10091
12012
13301
11985
4272
15241
10014
10953
882
1167
9080
7160
6006
4355
7884
894
15855
11023
11694
9696
4753
8593
3467
1716
12128
14045
11311
11263
7750
13365
16153
13278
12231
10880
5600
8429
462
11204
3801
2626
9601
7407
11869
9618
3031
14151
7129
4566
13724
2504
956
3836
15506
4591
3210
6745
6882
6750
8237
8973
2715
5994
12378
9824
547
14976
8171
2178
8519
9117
2293
3367
60
7057
1658
4876
4315
12949
3426
6543
3651
15469
6023
13188
558
3244
6989
7774
6760
14721
15416
12672
8001
6243
4766
6010
7596
7158
9167
9997
5037
5490
1648
6302
2774
6891
15581
16370
4617
15484
10662
11521
6790
4581
13209
2376
10427
10309
5235
5635
1327
13469
12845
6192
5534
5440
15232
13132
15670
6600
1278
681
5981
14092
14494
7960
8333
10720
3833
11910
10826
5632
314
12844
4125
281
8450
8732
6367
454
5823
14113
7601
1496
13002
3610
11462
3319
11710
4377
14666
5820
14409
9023
14202
753
10717
8637
4727
12318
8800
1865
9420
14014
13654
14059
10173
16256
10163
365
4851
7737
322
8008
16304
3655
5835
8666
7945
255
2546
1133
10058
10422
12446
2670
2045
10971
5797
6618
10900
6592
15351
11779
1816
8299
16019
6118
10025
13172
12455
5469
10635
4659
8906
7168
4979
14006
4392
13117
7442
1908
10560
10701
3556
15277
8533
15486
2627
11943
8857
11151
14021
15299
508
15341
4321
11842
15883
88
577
6608
5986
11412
4626
13734
3674
7069
696
6070
1470
7569
8676
12582
3269
7308
4379
9577
2180
1679
10414
11474
13357
13486
8989
16224
4314
3848
6405
5384
14814
1247
1758
6798
11846
2307
8039
2001
10805
13150
12967
5121
6691
589
8742
16255
3828
16119
1089
15367
5443
11231
7703
816
3216
14781
5727
2420
1573
1087
7925
1663
7448
16266
7787
2877
14618
743
13200
983
7873
4388
7824
12260
8150
6139
8805
11005
1823
13404
1996
9302
2147
4742
10698
714
5593
13048
11789
13239
8246
1521
12319
8657
9027
1781
5553
11913
3421
2930
7810
2833
5721
15875
14578
3111
10487
7839
8087
10692
260
7195
6735
8023
14582
10665
4596
7643
11636
12042
11657
9972
13309
12232
14174
15035
9722
9216
11818
13432
5472
14504
9623
8160
6247
1763
13944
12778
1976
8985
2967
14384
183
3867
4733
8532
11181
2915
567
5340
9084
11575
15285
4184
10475
9474
5293
16156
4523
673
5666
4604
3328
8096
11220
1419
3180
11034
5650
13670
5963
12535
8791
14541
6096
98
15706
10536
7772
4877
2214
9290
13494
9341
9552
578
14529
13253
3221
1567
15136
7384
2861
14942
12707
1701
7137
2399
11606
2167
13073
8312
15865
8863
4931
16336
7266
15252
11504
16024
6276
494
7307
7036
9205
8355
14735
6268
4143
12628
7154
3355
14982
14322
9804
8808
9489
11619
15177
14199
12736
4590
16174
7531
13513
13602
12533
4343
13443
1587
11955
11055
2672
4291
3207
2026
4124
10509
13849
13384
12776
11009
12413
6675
14490
9835
8717
7385
13872
13536
3076
5548
13962
14285
15095
2300
16172
8886
10134
7408
6525
7581
8021
15967
3586
13857
12405
5330
6763
15061
7902
8569
13937
14918
8780
12287
7482
2249
12414
8108
13408
11556
866
2560
501
8679
10602
5588
3118
11809
9405
14729
11447
6357
16139
11534
3864
9402
11370
9163
3424
1742
8058
1869
2052
15394
13709
10230
316
5844
9140
5381
9840
12157
12214
12626
1961
6421
15750
2598
5385
11950
3608
10967
2921
8248
10361
14457
9346
182
2992
12686
13831
5554
9716
5368
7258
16075
3307
9565
4021
13754
14429
985
8674
6395
5003
8011
8435
10257
12523
8823
4202
5580
4140
2154
6233
3156
13986
10219
2453
7092
5752
2666
9395
6752
2311
1318
13629
12069
14056
5807
4886
7578
15088
11292
1765
3182
6
10872
2795
3644
4592
9322
7032
2015
219
2326
3375
3493
12623
9519
7259
5730
14914
2403
9091
11142
11381
13024
2274
1191
8951
15378
14155
3951
13991
16369
13576
4548
2948
12975
7085
5379
9704
6013
9412
1584
4233
4935
853
4920
1343
6655
3945
6235
10975
16103
5285
280
13401
10842
4725
11102
4804
7526
4690
1627
4238
15471
10004
1013
1951
14706
7133
6001
13541
13053
13743
11519
12903
4975
11573
9461
13202
9086
3502
1984
307
12304
9964
5761
5910
7565
14891
9158
10194
9671
1696
13439
9039
1074
8870
9934
6089
5874
10615
277
4054
6443
2953
7115
6256
14906
13598
5950
4533
7197
6416
1367
13028
8166
6766
14951
6565
7544
1714
11756
3916
9467
5237
4313
3149
13605
14025
15739
4137
808
11547
3332
10497
11588
4389
548
14696
12835
7388
7997
5539
15718
16237
4342
9004
5206
697
6716
14125
14818
3745
14150
3290
68
3317
2958
9136
15516
13194
552
6130
14986
8315
2976
11119
16188
4469
4530
13726
3743
4964
7143
2352
12373
11920
587
4041
15539
7514
3081
15467
10439
12470
6373
2537
14242
3350
9607
1259
9511
8002
1923
6819
6502
10073
3780
3690
8125
14294
10223
9430
5915
6147
4275
6943
15144
14860
5129
11171
11433
6547
9374
14330
9454
15397
8456
11040
5971
12635
13589
4952
5623
5605
2606
8704
8142
14603
13328
3298
599
610
9030
2132
14435
11997
16042
5254
5274
9808
9211
11128
16137
5583
14443
8279
12695
1393
10656
1269
10261
1464
7121
16196
1119
3888
1856
3816
13830
8548
16046
5159
8431
3265
15417
14288
4728
2711
3379
13383
11775
5753
10898
5278
7547
13580
5199
15498
9170
15648
16277
8200
7192
3786
14881
5831
3259
10468
3364
15433
10115
5569
11520
10693
2963
5757
8380
850
12483
2675
13099
14426
12412
15067
16180
1011
10242
9291
13510
1194
15107
2183
541
191
2476
1136
13413
5644
11692
5703
13992
4264
11132
2029
436
15025
8324
6338
6054
4331
3894
10085
6304
8062
10858
6863
12763
9398
14794
16018
2797
2071
6586
15686
14722
12610
4526
12070
11283
4578
9505
10166
5273
3325
16118
13049
12115
10255
14175
151
1112
7570
8801
11912
11493
4178
11028
7381
8262
1276
3330
11427
14043
9710
1197
375
10931
15248
5210
14492
3079
5177
6034
1734
366
1447
13517
991
4227
8576
14887
7073
14416
6409
8389
13007
5860
11459
4859
11723
16069
11205
5530
15545
12355
14874
8804
8007
15733
7376
7955
14815
3270
8229
10757
5781
11753
3234
964
3292
11626
15769
3199
13652
12449
14576
5766
2187
13300
371
8317
8525
11571
6477
15316
200
4893
12667
10488
323
11735
6312
8924
15809
11757
2743
3819
13449
15072
9348
1168
5271
1150
4504
6091
14051
6637
2367
6767
10372
9053
15297
1369
9951
14656
7176
7936
9246
4544
41
3705
3702
2477
10127
3972
3537
14927
4330
12165
9548
12855
8553
1704
16104
6625
14477
4761
14311
5197
1950
15480
16063
9857
14440
3648
11786
13640
14791
9595
1821
9327
1566
9656
6595
3406
2439
8587
6734
15404
3420
10964
13898
6370
7045
10705
10533
1479
13065
362
16089
7986
7698
2025
14318
15110
13349
214
3380
7796
9539
10779
5349
2230
11059
14016
1489
13423
7329
9882
4106
3434
6697
4326
15657
412
6824
11936
11762
11282
3348
4023
15314
15523
7987
2170
11494
9439
13086
3660
16049
15022
8649
11791
4051
10552
8646
14488
14562
7483
3700
15102
6575
9269
6696
9744
3755
13997
15864
3929
12758
2794
10661
5684
14561
5031
3178
7583
4288
11007
11192
15534
4293
4116
3523
15227
14997
3834
4089
11365
10767
14788
9919
1305
6509
562
1362
16279
6808
10766
14825
216
638
3272
5776
5546
14090
2113
9075
9152
864
14206
15012
14334
391
14127
8100
12228
4003
12403
3349
9436
15808
3405
7235
9187
4424
7676
11097
4880
3538
8647
1081
2501
14176
8909
1449
11030
8263
12249
15461
13869
4301
11991
8739
14933
5818
13426
12781
10584
15611
10465
15771
11160
7660
9986
3461
11395
12142
2105
12134
6849
4516
13522
10236
7452
1916
5046
6500
10527
2943
9411
5036
15693
12664
7447
2190
3574
1948
8700
3609
6939
14601
14974
9862
5689
3722
10290
14690
9259
3414
400
14167
9225
16342
6430
2238
13542
10179
1761
1187
1783
3029
3643
7434
12683
11881
3998
5056
12387
1711
4921
346
3734
10654
5535
15909
7186
10629
10406
10251
1004
15863
4170
4552
11083
10888
12794
11312
13060
14777
5488
8839
1108
8775
10783
3878
12352
159
7140
3827
2503
15583
7479
15138
5848
8187
13603
3770
15544
7281
3882
5209
15867
12430
13716
6148
6063
957
16204
3320
8398
4695
14644
5665
12223
5500
7994
244
15846
11675
12651
3696
14875
9672
4756
12439
11356
8765
2991
3966
15286
12766
9845
6596
8504
14034
13627
484
3746
13242
2818
13721
5264
1794
12556
14497
15334
3433
14472
9650
6283
8255
5196
6311
2339
7041
4168
6639
9596
3715
4528
4207
349
9626
14526
10969
4557
6176
6634
207
8078
1634
14688
12252
3395
1806
9927
7506
3970
15422
12408
4142
6769
11105
11840
14142
4505
10724
12276
3343
1290
2063
15200
1554
15568
1172
14505
13126
9190
7616
2959
3952
906
9545
12360
13304
3140
1006
15187
15190
10618
1606
1125
8595
1678
14247
96
1992
1223
5937
8819
4360
2716
169
5870
16062
10611
2883
4433
3187
12059
10544
8015
7770
12668
16242
13813
8281
1225
13624
5624
2279
6462
2206
6432
12103
8467
6703
16225
11849
15038
15823
1040
2213
13377
10840
13121
12035
328
13682
812
12996
13776
10516
5952
14645
5948
1114
12339
14759
1263
11483
586
71
6402
6410
4443
13959
5923
8764
4668
3838
7370
10944
11479
3621
13526
3100
12821
6159
13780
3455
11702
10957
7677
2244
11927
14196
4087
2850
11693
15495
16276
15150
5192
6499
7937
1738
14489
4953
415
3201
9831
14413
11862
5805
14445
10434
10135
4900
3438
3321
10407
15792
6032
6672
357
6009
10792
12173
2854
10890
13198
16246
6602
14269
10633
6990
13806
11989
11359
7576
9933
13323
11014
7065
14929
1933
12517
6483
2288
8673
14132
3267
1989
12136
6332
12700
446
4468
5574
14972
3663
11902
5699
14811
12790
3043
2996
2642
4373
7511
1515
10284
9450
1871
15345
1414
1684
15111
7048
8267
12876
8741
14719
15845
9977
12014
5030
10041
4914
8082
12643
6038
11947
12673
15891
7062
12389
6720
5464
10158
555
9156
12649
2363
9815
3412
15250
5976
543
3604
8833
14341
13366
2980
10958
15814
1784
12775
9270
8396
15222
9229
4910
7117
4267
11803
4114
7131
12183
1824
7636
6576
6497
4934
3007
11323
2034
497
2707
12429
2803
11170
4141
15189
10420
6019
2116
12393
1046
7173
2218
6521
13076
2524
5606
3906
2989
1166
2641
14726
11988
10486
4667
11400
5215
554
13417
2646
6077
8104
9106
14321
14317
8933
13059
8818
125
14940
11697
1201
15839
16025
7722
4449
5110
15755
13021
14172
3843
15868
6768
15617
8726
7219
8051
699
3134
2638
14270
9901
8829
1280
5446
4709
3145
6651
10878
176
9182
14400
7190
8729
9581
11543
8206
13792
10294
14419
13747
1341
1162
4380
11528
14585
11656
1952
14870
5639
14475
759
11168
299
8671
2131
2038
2371
4438
8473
12823
1093
6743
3449
2956
16361
5328
8867
1177
760
11813
7537
8483
10507
14291
10460
5997
3372
15847
12137
7436
8642
15787
12802
2149
5514
352
2212
8592
16124
12306
6444
13738
4100
2056
4045
7758
9820
13144
5592
4237
15170
11839
15053
13503
13259
14281
7294
5625
4537
6753
3646
10650
14725
10070
13095
10791
10298
6563
8864
10522
2559
12952
13286
3617
3812
7474
263
6132
7167
9198
11658
459
3486
15463
1529
11475
9074
7220
2667
14512
9329
9746
14885
5430
15806
7139
3960
15283
8712
15785
11052
7689
15369
12696
1503
15628
6674
6383
4562
15903
11256
4427
12061
10932
12199
7373
8288
4205
6098
7264
10734
989
935
5083
15396
5255
10632
7958
7748
14214
8019
15215
13995
2031
12053
14316
2938
7859
13350
6999
12456
10362
9608
9277
5941
15565
2304
12275
7463
6489
6732
4017
1427
16060
8076
4749
10153
15692
1879
8057
14054
1024
15888
15223
15677
10131
2710
2301
8963
1145
1846
438
3806
13277
2538
14823
14458
9275
15858
5687
9611
3522
10524
7697
5965
172
6616
9093
3310
7083
10462
6447
15571
2195
2525
14486
15956
5079
537
2401
4882
6781
5398
8054
5252
10824
8802
12006
5846
5331
5756
11648
12285
15255
9289
4936
6420
12570
7512
7651
8034
3791
1462
4550
7481
3387
420
3969
3435
9787
3418
4718
8776
15412
13294
2556
16173
12874
5220
12926
7679
15364
13105
11501
7797
12359
14368
14615
8224
573
5311
9338
14480
15988
14806
1536
524
15996
11360
2812
6890
8035
15825
1271
14441
1255
1501
12288
13216
3990
1438
15998
2817
2865
14867
15368
16299
14926
3594
1051
198
1392
14833
1776
9902
6120
273
642
6376
4104
8715
59
1211
11583
10229
10652
3491
13728
7334
12480
12879
8943
517
16351
2906
12047
14088
9105
7699
14243
10532
930
6976
10754
8543
14857
9926
10035
12730
2322
16240
6406
569
9529
3653
14979
12032
1217
15174
2725
3228
9419
840
10746
4655
4375
3288
3389
14329
13016
4467
7803
688
1304
7558
4258
13519
715
11
9734
10676
7887
9092
5353
13644
392
10250
13231
5505
3115
8950
4061
13269
6959
5839
700
3904
13405
14345
5695
645
7811
3411
4569
12202
8556
7533
6944
6313
2434
13360
2718
3697
13593
7059
15676
5921
2544
14279
1844
2120
1394
5054
7200
8925
8915
11144
16116
12901
5000
5906
8567
14886
116
14555
1754
5454
10673
4944
4069
7611
7928
12160
16029
394
14502
13749
6775
12541
10196
7317
6546
7108
13956
3052
7845
11322
920
7343
1445
4333
1792
10875
821
1410
15934
2647
7203
7543
4848
9748
319
916
14439
12147
8451
8688
10028
15921
5411
6737
11284
742
13490
13159
9154
6589
9925
9921
924
16339
13006
6539
15798
8378
16284
8711
15488
16298
4779
3472
12149
7549
7766
11000
4494
4005
4221
4887
10773
10029
13175
4685
7837
1632
4192
7351
2400
7324
11054
2061
3577
7530
6678
6690
11476
16190
15413
1717
12565
15132
14896
9078
14989
5705
4156
8295
12579
3585
1158
6523
9014
6751
7201
7741
15005
5114
15994
5783
13893
4813
13773
14159
12213
9736
12732
10168
9749
931
5494
3667
8251
10048
5391
10018
885
404
15050
5652
11586
9950
15153
14671
9001
9852
7560
5200
10367
2876
1574
4230
2929
5708
16335
14768
1791
13030
966
14900
3572
5616
6401
5876
8825
2431
13064
11784
4083
8940
5765
3172
69
12467
3788
163
300
6681
11448
15947
6876
12678
13355
2179
6051
7961
14922
6057
1036
4196
9019
4215
14414
11641
5655
209
440
10172
1218
7122
10405
7584
10753
9337
3531
13828
7911
13777
12873
516
5904
10583
65
14610
13514
11120
6797
14118
2241
6466
10851
4387
8374
1849
4994
8815
15927
10653
9349
5005
13424
5078
4349
10921
6151
6548
10371
4284
9988
2985
10116
10063
8848
2798
1593
70
13552
12212
4529
2324
9423
13591
12965
2918
9990
11581
1069
12045
4833
3943
3095
13040
11691
5162
1142
15228
1161
14039
16165
9665
15194
2437
6820
8016
9782
12039
8538
15180
1418
5840
10167
8238
8968
5279
8568
6161
278
12653
10741
7078
8490
13090
2018
13022
58
12780
5555
15145
12888
9281
7587
15842
14236
12743
2557
1628
1965
4843
7067
15398
15578
14869
1193
4998
13555
15603
6068
6101
8112
12420
13876
1809
13824
5711
15709
993
8453
2470
932
11653
12501
5289
14899
3361
9504
14572
6991
6665
12086
7297
11310
12089
13648
1877
7599
8486
13746
2596
2486
14499
14370
4481
1985
7413
7501
188
6073
13626
5467
11508
12923
4183
13098
5914
2291
3256
11274
523
5683
15870
2010
8231
13745
13285
15216
1345
10001
962
13315
1713
7210
14584
2826
6110
11136
15101
11964
16095
2811
2067
3044
8219
2768
2713
6346
10907
8061
3253
12907
430
2804
11781
9111
12246
9228
1523
13698
13974
4397
9026
8918
15804
2783
1729
10490
4239
4602
1811
5495
14434
1232
14060
6603
15556
1323
2188
596
14204
12146
7701
6017
4869
13306
10084
9005
3114
8293
15951
6185
7912
11517
5123
14415
654
11545
7322
3354
12929
15707
9920
4815
11705
6036
1815
1113
9624
126
16123
15293
9592
10499
7079
2049
13619
831
7441
8722
11304
11891
8438
9195
12572
3984
6553
15916
3526
12936
5272
9694
4454
14715
1542
12313
3723
10939
2256
9448
7451
2771
4127
8970
1366
14148
6220
11909
5068
7042
287
14661
1605
7134
6777
7637
3554
14534
12891
1861
211
4672
8368
2003
14471
5872
9135
6299
15155
6998
13930
11889
7193
15220
12488
9099
10445
7880
10306
7487
15715
4700
193
6843
13096
7536
4582
8480
3282
42
5348
5216
15703
15340
13798
11038
1291
815
10797
12198
5549
9522
12868
192
7263
8101
5022
13148
14836
5728
13142
11975
15426
14436
4574
4228
12768
14614
4245
5516
9687
3024
1667
13914
3223
2177
10148
13705
3766
4912
3787
15380
13131
7320
8095
616
12238
7568
9757
8247
5669
6522
1060
14177
4856
5533
9324
5367
9214
1228
11857
16112
6550
7035
15781
11343
8482
6460
7493
9963
353
11200
3514
7286
6558
5715
15208
15304
13448
9969
13805
13345
6919
9967
1722
9799
14662
14970
7053
14664
2744
6815
1075
3191
2870
15504
4980
9727
1383
7071
10798
495
4455
2267
11082
4063
3399
3331
13719
14298
10299
1533
11866
9550
4411
3935
13019
7369
11016
2336
11629
12169
9116
15570
15029
13980
6050
7180
2287
7577
7380
14465
8947
13563
13812
4951
1753
1432
5318
3212
4144
2920
13003
8774
16226
6695
1876
5466
1903
16067
11418
12820
8999
1757
8539
434
7209
15372
4148
16020
744
12450
15273
13289
367
5105
6570
7405
11996
9035
11801
1747
10901
5723
16127
12947
7604
11815
7457
622
2871
9199
13660
6166
9928
5563
7188
7432
11976
3398
4475
9915
10622
2305
14921
3129
1395
4112
15644
15782
2129
4572
6196
14651
5225
1239
9132
9813
12892
4662
11929
5339
9509
5335
10384
4571
8684
1868
15816
15288
11687
15897
15077
12186
1930
8750
3440
14510
1186
10215
6578
3896
180
4679
1719
13177
10722
5871
5614
8137
5412
852
3157
1058
10114
10262
3844
1527
2535
7276
12158
13218
8544
15408
7849
135
279
10575
6177
3811
4615
10264
4587
3719
12824
2904
10816
2284
16146
3404
5804
9636
7070
6037
11104
13588
12552
4067
15060
11766
5325
5309
7462
15776
14767
12391
8510
16381
2847
5064
2742
15452
301
7347
5966
4585
9218
61
1946
11666
9486
9518
12789
16120
7356
686
12104
1560
12979
14733
15529
7850
8326
3251
12207
13638
6584
12427
13043
7233
13276
5627
12919
8979
553
13968
8832
225
6785
12075
11225
1572
1442
7714
8703
9294
9725
584
4568
9540
11072
10770
13594
2869
4384
13146
8484
11903
6796
14233
15163
11036
14030
12440
7716
3862
9046
6047
15653
14544
7350
6417
2986
9331
9052
2109
6088
1117
9261
10195
13308
625
3629
12296
12716
2430
14133
7082
7799
13054
15694
13735
1256
13441
194
16074
12156
15664
12037
8596
13810
6505
15371
11965
781
1457
14554
7744
8432
6630
7903
9373
15289
4713
7972
4769
14827
5463
14162
1928
4743
802
9572
12448
2820
4605
16187
12772
13326
89
7663
899
222
10087
1827
10991
11440
6671
1631
16176
8754
3764
6289
4382
11246
10347
2572
9827
588
11860
7959
9625
15113
10132
10292
15634
2426
14377
1406
4839
5150
2096
2960
8685
3338
13476
1530
2130
4353
1685
15034
3488
8156
14230
4322
12938
12044
1398
6611
14296
6442
6157
9571
2862
15143
9416
13397
3612
12266
5397
12418
9320
5169
4670
9690
3011
9239
13686
139
10471
7081
6232
12091
13120
4942
13758
5709
677
591
3280
630
13631
9251
10237
12460
9528
13774
2955
10814
6308
13379
5979
10752
12458
9970
5290
10874
6644
3034
3155
3730
3369
14937
15954
10760
10747
9343
4744
4860
7729
14956
2617
1687
9938
5877
11467
14392
11207
15729
1840
15156
3427
12659
4817
777
9068
790
9469
4325
4642
6303
3495
8942
5277
6958
10681
889
7218
13391
9850
11797
15889
12048
3200
5447
6481
1801
7842
16158
11778
1818
5538
1845
11118
3072
3851
735
9562
9369
7183
10375
5856
6953
890
2320
14855
10423
11078
7749
15952
3711
12315
1160
6078
4832
4412
12380
8719
12364
12050
3469
13107
6262
13964
536
3189
4534
12367
780
9429
11340
5477
1027
4909
15070
2962
15923
9645
2155
16352
10860
14734
3967
10893
8959
7412
10005
7013
2191
14040
4126
15678
9445
16223
6008
946
147
6803
513
12641
4488
13793
2835
3497
10225
9118
3659
1780
794
11834
15966
3768
7393
15666
13504
8024
4518
7844
1180
12621
11938
8372
8145
4359
14387
3936
4924
14637
11487
12803
12784
1820
5401
12598
14381
687
975
2354
4993
6598
6002
3517
10979
8455
13362
11544
5788
3336
5364
2740
8583
10338
14862
1243
1091
3188
16273
1258
12518
15981
13751
13544
6710
4878
12715
11798
4482
4564
2168
5283
8158
10896
12109
11601
9354
1583
7187
1336
1246
5496
405
66
2549
10283
11670
461
5943
16340
1184
8862
13433
11853
8540
15995
4841
1576
3119
8183
13718
10949
9763
15558
1621
14842
10731
13667
4999
15702
3047
14183
3064
3452
8921
5021
8810
6699
15682
2601
5372
16231
14037
2299
16208
977
15123
12928
13257
4580
6783
5161
14375
11411
10960
9479
3796
14468
7433
511
1303
12426
2237
3147
5679
1495
1559
8157
10739
1309
3583
3601
15589
15411
4091
10670
12272
6015
12945
14782
4273
6252
2487
7361
11807
5077
3428
12900
9134
902
11847
751
4720
9013
1581
3041
7050
11800
13268
8403
13376
2313
6137
10228
7496
11750
4290
8753
10930
5245
3954
11306
1712
1352
53
7367
7145
7755
3093
16007
7275
3677
1458
12555
5853
5834
2059
15028
3477
11922
13262
9387
1657
11193
8044
11046
7934
6285
16270
8495
5628
7962
652
13574
7374
11396
918
14361
5166
14165
13189
14883
8474
9516
9922
9077
3479
5139
13395
11748
478
4122
12451
12425
1853
12397
6898
16267
5520
1264
12234
8445
15263
9754
7431
228
150
7711
10382
14239
13430
1488
11688
15537
11228
3258
8203
7629
6577
9956
14789
15970
9889
9859
9468
4501
3588
9918
9122
16155
5944
12481
10093
7674
9325
8601
9362
11808
6552
12143
4471
1143
4502
6342
8682
8607
10843
7740
16205
974
7011
5231
13039
9908
5556
6900
6255
4432
12722
11437
9460
4223
13783
44
6544
12073
9089
5270
4276
10637
1881
15643
15330
431
1831
12257
12837
14707
7213
10252
356
10012
4310
15221
3179
8790
6465
10605
13248
10373
1020
9566
621
14071
2207
3183
8399
9904
8162
10649
10068
2757
11172
10216
5502
5702
11113
6631
8228
4651
2139
2597
10934
10678
134
7673
15214
3860
11635
7006
4527
9351
12145
877
14692
6969
8911
15912
8118
2050
6649
13227
13014
6518
7390
8172
12783
4712
9517
12197
15519
9328
9544
6669
7914
6680
860
11769
4364
683
6424
557
5319
11516
1706
2887
14808
10157
7532
11094
127
13032
11958
7808
1842
11338
16102
7954
14971
10147
2415
9992
14446
6838
2110
272
15559
4551
1048
14079
15162
2142
1803
8625
6741
12720
10981
14215
8589
15154
4081
8278
9055
3922
7980
8560
15052
14868
9735
12944
10628
9208
13967
6606
4186
9326
3813
5329
5817
7631
6782
1274
5895
3143
4346
2462
5421
14577
10164
6657
9785
12529
1620
12133
9385
10514
3060
4691
14925
11243
5303
2261
4415
8990
16031
11872
12444
10281
15447
4086
457
13543
6014
11065
13288
16233
12574
6363
1031
315
7196
8253
10144
893
9146
3224
15458
5314
7690
15333
1033
3613
8610
9202
14946
1330
4649
8939
6361
9683
8497
9912
16152
14017
4283
11503
14755
14741
16005
7330
9647
1238
9564
14716
11328
2747
12915
8725
342
5565
13932
9453
8806
3125
3309
9286
13778
1372
3161
13732
7152
9538
14877
16245
7869
4927
13450
10098
12270
12576
10868
13234
7943
1898
4448
3185
2706
12728
11126
6960
7169
11379
16313
15524
5008
7366
13205
11378
15041
5493
2878
10639
1720
9534
12656
1448
6400
1945
11417
2090
15446
13240
14850
12512
13319
8620
11372
2632
8770
12125
10946
14876
10625
12282
7112
9855
12615
820
13904
8273
4567
15342
14314
2353
4770
9115
5995
6234
1602
7409
14750
3073
15969
2327
1451
4595
12792
9345
7058
11924
11313
7128
293
7175
7095
3162
5579
8211
2445
9268
7271
8701
10679
7688
11182
834
12384
11894
15381
15779
12131
9002
5855
3130
6226
12973
4982
4872
823
5729
4554
13722
9485
8842
13520
1622
2122
1213
4510
5771
14575
1570
872
10725
6910
8291
14580
1596
1224
7051
2466
15765
16083
16294
6306
6231
7931
12191
14312
775
500
752
5218
10105
3857
11156
11695
11185
11129
13459
14775
2981
14100
2975
1958
8463
16195
4300
4022
9674
9070
13695
15759
8386
291
5380
16354
15332
7709
655
6779
2447
8744
6973
6033
11409
1373
7541
13942
6018
2448
5833
491
16185
1375
13036
9210
6317
5128
15353
13564
6604
9584
9603
8855
7159
11288
14864
12603
11262
5581
12084
12834
9424
6479
5913
13781
417
11406
13145
4055
11257
15720
4344
4065
6827
11389
12559
8904
564
16142
4926
1493
7623
2867
3695
5230
2383
11898
10387
6972
9527
10389
15135
11661
5999
9871
6337
7739
4890
5130
8401
67
3887
13380
5222
1471
4512
2907
14235
12534
12974
4686
863
1066
7650
1993
8702
1035
11280
2468
5685
12428
8788
2077
4974
9384
12543
13989
8718
3101
6179
11703
15009
827
6086
5889
2138
4586
14709
15415
13553
1819
7983
1525
11092
2452
13468
4739
15873
8220
6484
11180
6826
663
8551
11741
6905
11667
6975
5931
10448
11456
4153
11368
7031
12703
7853
2680
10495
11384
11704
15547
510
1967
14822
3718
8348
5075
11050
13370
16159
4007
4824
6109
11655
728
14146
799
9314
6887
7244
12875
8659
12922
4784
11003
9180
419
7357
1870
7867
2325
3941
5024
10333
7893
15587
5960
2163
13897
9449
10013
5537
6532
631
5125
4222
2242
6446
12914
441
9654
3087
6349
15068
15308
9655
14639
13642
12259
10150
8714
6715
14432
3279
6816
2159
1173
296
4692
3066
2605
10432
6298
1391
15975
3257
6385
9776
11042
1482
10580
8430
6425
6647
6384
14067
9513
14964
1810
4257
4261
10259
7642
3883
11464
12540
1044
880
12293
4024
2911
4425
7883
4889
3704
3096
4073
73
5947
11327
6160
5033
12486
6993
7107
1100
2346
5773
14260
13456
15212
12558
11633
9178
16362
1
1500
12702
4138
14402
14464
3678
10288
8961
4489
3717
1524
2753
8010
897
3938
351
3664
2528
10973
10542
788
12200
10710
5868
3236
14892
1786
5898
11572
11369
5436
4071
341
7718
2785
515
2944
8073
10348
6482
9392
11107
15805
1807
7402
769
13895
5415
15869
3540
10961
10275
11319
8074
13226
13753
12151
2184
4674
14192
5558
5326
8811
15444
5109
12853
421
10112
10822
7084
6854
1906
5988
9520
13229
13818
8241
16101
9181
6211
12019
10559
7563
4820
7303
10959
7976
10270
9614
11174
6893
1862
15623
4681
103
13731
168
9442
8252
10431
5333
2423
861
12591
11248
4989
3565
3365
15590
13045
3122
6170
5242
246
4492
3277
4493
11722
10529
4088
3422
6988
8949
5484
14105
1205
8723
2763
4162
7838
8313
14523
3528
3580
830
10547
13920
6022
10591
6667
5066
1481
1339
2914
1494
16186
15082
9396
9288
14995
14528
1230
614
5791
4188
8514
10885
1175
16210
1384
9174
11393
8055
2259
4629
13050
1126
8877
11210
6646
8668
1096
1665
5152
7251
13575
3148
8240
3773
16383
8416
6126
14981
9401
2082
7771
2416
1455
7579
7054
2153
15310
7291
6709
10357
10152
13167
12421
6744
9274
10503
12466
2936
4249
11404
13479
9332
10719
3345
15191
5674
2931
1609
8410
14705
8889
1771
3167
8377
16098
4500
3798
11084
3996
11130
1325
3220
15773
7301
1834
12509
4450
4246
5557
442
2087
12473
5136
2526
6583
13483
1297
11077
13896
5405
10948
4206
3263
11163
6840
10600
153
12951
6622
16247
9293
11164
10546
12976
7012
7099
7866
8325
1098
1604
11199
12530
12846
8710
13506
9811
5450
5250
12637
6044
9102
7951
7923
10854
15629
1073
2454
13347
6642
13866
10351
7784
6533
1422
9675
10055
10206
2055
14433
7461
10897
343
5137
2690
3198
9304
5607
1732
10208
12895
15543
12760
9186
5010
13075
4738
9913
13837
15485
15624
6195
8520
14406
8773
10623
12071
14102
1348
2933
2694
3829
4701
12023
7194
533
10403
12578
12507
5643
10030
4262
14638
14223
11473
6686
476
1421
12859
11424
8294
5621
2913
14394
12762
15089
13475
3059
9634
709
15120
7926
9126
6146
9022
8426
14888
8865
3002
11523
801
636
8623
2777
11422
10031
4850
2534
2007
6345
4361
6747
12154
7217
7992
9541
16301
11218
14530
8584
5025
5456
2053
3485
14315
7834
1835
7989
2856
8980
8706
13692
3706
15019
14771
2441
2467
7726
4772
2068
3329
627
8169
14647
8873
4158
13284
1508
9702
3466
16257
10540
8274
13672
7882
13874
13853
16282
8298
13661
6280
5018
6236
6457
14507
1979
1733
2164
9685
9708
5190
10566
7993
8630
7575
11799
9644
2979
15473
7947
11712
5337
14007
7310
11740
14607
10356
15595
11152
2046
14096
8283
10156
4337
11044
9194
15600
3117
14374
15109
2174
14128
16283
6857
15137
4650
7747
5612
6787
5991
2460
14268
15352
16050
11111
7509
14364
3168
14010
10836
1497
8869
16096
14673
3151
1298
6315
970
660
1978
11195
7628
13297
9697
4765
7484
9742
7355
9015
12031
10240
4640
13748
11931
9800
12316
3196
11470
1376
3884
13275
6208
10545
7927
4837
3799
11983
16023
9038
6380
4724
14681
11477
14565
2471
12804
10987
3509
13923
14752
5119
6386
8983
11071
10937
5016
12107
15460
2060
678
628
5108
9909
9523
8511
3408
1610
7540
3672
4822
13916
14366
16028
13539
3976
1708
5816
7830
11875
6321
2257
13386
3964
9879
4015
4145
2514
1364
6095
718
16329
16377
837
2272
2947
8170
7001
3264
2957
4846
12111
6903
9173
13609
1832
730
9753
7207
15593
14513
7416
13173
11726
1245
15984
1491
9434
8347
7440
10707
11115
14098
15361
11992
121
1435
9144
8084
807
11590
12351
3989
13270
15193
8194
6404
11884
2089
15
4077
2919
14430
10111
13149
15305
8361
2793
13908
6496
14258
925
9000
5115
7852
195
11253
4341
12209
6140
6381
5610
15551
2748
1397
10377
8746
2851
3640
7044
5038
11915
13467
10231
1532
7185
12933
15982
9895
8296
13882
1331
7010
242
14397
7773
3923
16264
15635
5998
8609
8885
11232
12742
10827
11067
11777
5009
11364
2934
10002
13934
5370
5023
3756
4759
773
12770
4694
10835
3647
3393
317
16211
4084
10090
11314
13550
14136
10785
5962
7023
13826
7671
986
15832
15892
16306
10634
4013
1641
12343
10364
5518
9204
7240
8875
7721
12604
4797
109
13219
6260
16134
746
7198
2051
10380
15632
6587
16126
8300
7305
14816
2355
999
4096
3326
7738
4008
14024
6397
174
6925
6178
13156
11640
13723
5585
14376
3830
11565
11386
4285
8696
9728
7550
10258
253
8420
1535
8731
14910
5373
10732
767
13582
16121
5611
7780
3227
3296
2770
1210
10519
5747
2825
7468
15129
396
11596
2240
9965
12994
9856
13515
7008
14911
6325
5746
10850
10019
4547
9847
5509
2691
4242
3390
4703
3038
9612
15064
6107
10995
10022
14830
9828
1171
15651
12833
11940
15014
3138
3744
13926
5768
11419
12712
10335
6542
15621
6765
4176
12714
157
7449
5451
8006
14135
7608
3356
16347
13436
14061
7857
733
5057
13725
14171
8046
888
1625
9172
9629
311
12016
8835
731
3874
13669
11281
12416
2136
13327
15344
2041
9829
14278
3908
1643
3446
4462
11855
6238
8221
9616
1799
16004
8113
685
14109
14352
11645
6266
5170
14730
14659
12056
7377
9370
3649
3171
7822
13311
8102
5854
468
11244
6128
7232
617
6194
13608
232
12490
14450
7906
4603
5224
7341
6472
1883
7030
1189
12701
6886
6067
3142
7640
16131
15319
10323
12782
1155
13744
4665
10181
12787
11223
3273
14879
13623
4440
7786
15520
13834
16181
1144
11879
15254
12493
3206
5842
13785
1682
14401
12857
7756
15117
13925
9483
4289
1702
11317
10355
3126
5587
8351
7775
12557
10214
13390
13153
6847
5742
1097
9342
1669
13354
10143
10668
15549
132
5515
2459
2758
270
14305
8230
3982
9160
4208
2684
1486
11029
13342
2567
12898
16030
35
6322
8395
5133
3997
3535
8222
8836
2189
8879
5909
6780
14339
11353
1115
3366
8411
10556
698
12041
6287
7314
9276
14417
8555
12992
10596
5483
6613
5651
2874
3555
11994
15292
5069
5126
2072
16202
10247
3724
7730
16209
7905
15557
3300
13398
15048
15661
2419
10856
14786
3340
9234
3324
6162
9123
5636
14640
2209
8597
16009
5595
12182
11602
15440
8577
10313
5323
6687
842
11098
11530
15181
16012
2720
5356
1329
7415
14070
15159
7309
13700
1575
269
3214
4252
6673
2219
15365
13601
358
13265
15125
14108
7202
14026
3547
1333
9837
4180
15652
3623
1338
15328
3962
13473
9095
9166
12021
2494
3016
3483
7100
6253
546
12095
14950
9378
6059
15197
3820
10429
11191
12882
105
7077
10706
3988
264
2410
2583
8413
1774
5838
15615
10789
5158
15837
136
8412
7378
14120
7595
7508
15266
4962
9635
14693
4683
15655
8032
4025
5284
11380
7371
4660
15474
11883
14846
6119
2807
10821
12828
15276
13482
12462
3028
13381
14653
9201
2119
6495
1057
13343
11852
4254
10581
9870
2277
1782
5470
5529
15414
15264
6590
7863
7226
15990
11197
11116
6904
326
13492
6934
10050
3123
2076
10436
1670
1456
15751
11827
15178
10945
3685
13668
9494
14801
4630
14704
8041
9200
3684
10561
5256
4244
14746
15185
13310
917
8745
10301
303
9982
13346
7940
14521
6591
4332
1077
13363
11021
905
13548
14257
10855
1646
13472
5658
15449
14046
9064
14753
7174
13139
12390
1683
8179
6912
7090
9699
11630
4395
5174
12544
11639
162
2085
5098
1123
9240
11951
14872
4064
13388
7394
16138
9016
7239
8507
3217
9761
13676
11690
4913
2328
9381
10376
6772
14962
4446
12469
15483
7328
9732
10404
11392
7707
4997
15391
1085
14378
6935
11499
1638
3846
4260
7346
8565
6053
158
4406
496
14292
6339
3090
10337
15515
2380
4716
9817
10052
2695
3429
14703
12860
1426
720
1261
3091
1651
8072
503
15767
11858
10124
11897
5374
12148
8126
8232
2200
5223
15040
6168
1778
9305
15588
10099
13176
10071
3571
16218
3925
6184
14111
5993
7147
4157
13174
5786
1788
6388
11139
1485
12278
14932
8941
3036
7348
8196
5511
967
5478
9916
7340
2602
10759
8967
10026
2692
13584
8498
14795
15616
1474
15119
9066
1308
2408
2493
915
16220
5544
15085
5700
9998
11287
11820
1959
4034
15188
16043
2611
12605
4268
4985
4362
13255
13537
5383
8612
6833
6774
2275
10832
594
2855
13662
9212
12472
8365
13983
3490
15434
825
9358
11888
13222
15853
2144
10339
1061
13236
15479
23
814
3937
1505
14484
10655
3250
4807
10193
12471
4295
15298
13706
526
5144
1452
6183
11035
4965
7500
13761
13334
8994
9892
8937
11458
1016
11865
14778
10310
13000
12479
10190
11208
6372
5671
10940
3731
12814
15944
8369
15407
12988
7743
10675
9495
413
13854
3822
5732
10643
6056
14754
8318
14807
2166
14320
8201
5701
10787
11031
3944
8040
9446
11664
13115
5135
8447
142
14276
6918
16199
235
987
15933
9962
4474
5769
5452
13378
13249
16084
337
7295
7828
6379
14800
8900
8626
7562
7302
7043
1010
7225
4369
14717
6981
13292
6641
9979
12499
5101
12634
15503
5050
4046
10755
1226
711
14272
15689
9861
8031
15219
16182
4782
10342
3736
4095
15958
538
4943
6992
10574
12007
14442
2121
9060
4608
14110
6794
12866
1686
612
13572
3276
8470
10199
3373
793
12
9171
3548
8586
46
15930
13238
9490
849
5104
9575
13044
2411
12415
5042
8148
16003
575
8566
11166
3053
7157
3710
5978
9230
8574
10578
4068
9543
15902
11738
9911
9491
4456
13538
11505
5071
12027
1504
6982
8122
520
747
8209
13488
12677
8807
5396
2075
15566
8063
7942
13707
4351
2629
5885
12396
1997
12350
2637
1964
16214
14511
9470
1478
1897
1693
15669
2507
3803
422
14598
7503
10352
14379
10456
13330
3032
8635
9233
3895
11449
12445
15018
8874
5677
15114
1080
14623
15382
12334
6983
6348
6908
15081
1265
14181
9364
14611
5925
10430
14949
8619
11041
11747
8217
6488
1896
10265
15167
12400
13158
8582
12098
1176
14355
7132
5741
1736
6526
3026
12955
12175
7917
671
12058
8489
3774
3219
3727
9456
14208
10327
6025
9717
3084
175
16178
7335
7621
5448
2492
10051
11018
828
11320
2348
6956
2114
5096
10202
13559
10696
13084
123
1021
16216
6084
4539
7007
8045
10730
12245
8902
13290
1873
4484
1473
3683
12018
10198
8472
2900
14009
8184
1594
8636
15630
4486
1746
11399
10033
1644
980
938
13772
292
11355
1282
16357
11560
4705
6113
8944
14646
11214
9947
4612
11226
13905
4378
9558
9082
6005
8938
10238
11133
14689
1268
9062
15829
1358
12280
11209
15056
13769
3222
9317
10887
15097
4243
6916
9810
14173
11907
16238
11561
9639
4151
12122
10272
6778
8334
4495
512
2730
7791
9649
13949
7813
14793
10008
7047
12230
138
12669
9219
13056
8838
14573
15740
2035
16055
55
10771
9613
487
11928
6656
7278
8588
239
5414
13374
7692
6272
10400
3679
5617
5131
83
10201
6801
4197
6837
2250
20
7659
9497
86
8338
11598
15478
13215
5759
14955
8050
12468
485
14990
8779
1526
959
15550
8751
13283
2582
4028
8098
1518
11744
16311
12262
6814
3870
12549
4624
13586
1487
12242
1399
8476
4390
5442
1623
5149
14620
12356
4043
3599
11611
8407
10811
3800
2412
15454
4282
12227
10728
10917
7466
15518
14182
6390
7399
9668
1380
862
10567
7489
15116
9196
5717
13764
12568
5958
12887
10748
1443
6045
3814
8469
8767
15906
9087
13976
11258
12244
2022
11772
333
1446
13211
10815
2232
12204
3464
12478
1237
13680
7358
10910
5615
14834
16114
14783
3391
7781
15270
1911
11137
3108
6755
1900
11270
5299
1999
748
7246
12258
13335
4786
8824
5350
13237
4800
14748
14275
12353
15324
9056
6275
2217
15886
7618
10765
1680
15939
14161
6392
5578
13621
9145
6856
4426
11961
15104
3620
15662
6623
3376
1047
6724
15245
14682
2891
8964
11397
5680
6202
11289
7843
11407
3069
5780
2443
7250
10397
10353
4967
4774
5393
7016
14044
15854
14053
4777
1600
7037
15501
8320
7821
11921
15646
13324
4538
13729
534
2671
13124
14670
5662
4146
14240
5435
6806
7819
3686
14945
10660
13958
1387
10796
213
8360
6534
14996
948
1919
4990
6941
15688
12999
7019
7392
3344
7762
12593
2708
4050
1082
7846
10685
8163
11806
15271
14140
3409
6617
2198
1209
5688
6215
14762
2243
15821
10494
3560
5388
9223
10774
4403
4966
7386
7086
7851
14612
2997
4066
8655
8197
11140
11299
9127
7814
376
6729
11550
7661
3232
6527
15560
13953
12081
12953
2688
14718
4193
8585
2574
16010
13058
210
9772
8893
5508
7806
4027
15152
5439
1034
5886
2037
6354
5253
15202
12676
10128
171
2643
15946
14452
10428
4616
4419
4661
7135
6455
8193
12731
6378
4416
1960
522
8107
1545
14018
4340
9864
5830
12477
12263
15697
1759
6124
2536
14570
8479
4702
2946
9888
124
4884
5808
14740
6821
16375
15618
13123
10082
2357
4232
489
11240
1676
14353
10451
15572
1591
2094
6877
12800
4835
1650
5989
7573
15683
5164
11577
13887
8099
2316
3507
2640
7710
7098
8957
13752
11189
15585
1050
8755
13936
12374
10421
13196
388
8517
4575
12049
4932
2756
4477
5673
11441
5725
525
8557
8828
8174
13394
15647
14919
173
6191
972
2712
13316
9609
3948
3921
5657
2842
10341
47
5608
7020
996
10121
6917
12917
10438
1688
4729
1931
3166
5603
11787
7365
49
2585
14508
15877
8115
12097
14313
10501
7918
2278
10146
12336
12807
91
10359
8563
1743
290
2335
8268
5828
8328
10477
75
7170
11217
1249
8270
1808
11850
4831
14149
16328
15898
6519
2281
4961
624
410
2124
13730
11242
14013
11296
2778
2610
15505
11548
2951
6633
1466
13736
229
15377
7963
14491
1163
11652
5154
12630
7732
4799
3274
7886
3062
6135
12135
2472
14712
7383
12013
4776
466
13101
8005
13802
1190
11552
4049
3177
15813
4101
7127
9615
1624
4461
3247
2679
8648
14959
7253
4219
3661
2837
7029
7645
5631
8536
12220
483
8934
14987
94
4323
14137
3781
1756
11541
2584
12297
12155
14473
13244
4030
3933
1425
13711
6279
13361
12526
13203
9989
5240
9774
10517
13318
12447
13683
4483
6094
13581
14307
10381
1037
5675
786
4736
6180
4628
3445
3859
4213
15357
11706
11649
7654
14229
6030
12060
12583
5400
8487
9206
5423
15142
4044
13545
8471
14792
12341
7136
4367
11621
7445
14106
2360
11048
3035
10282
2478
15789
581
4398
3067
4945
4768
2732
4082
2020
15752
12254
11203
1730
7929
8844
14467
8590
10909
9138
8894
8147
13042
12684
856
14743
395
11374
12153
11647
15973
350
416
6952
15210
8912
8421
11075
10582
4731
6282
13578
2442
1531
7602
16219
3246
13210
4031
14091
6621
12832
4422
12210
15115
12289
1299
1983
1235
12112
16167
15011
7657
6343
11546
2074
8406
10864
949
6492
14798
1726
8641
10286
4556
7138
2435
12954
11316
202
10433
6859
2318
12741
4818
3881
13466
1915
11761
4771
7245
1723
12108
5297
2366
756
12015
14509
11773
7426
4808
249
3658
12606
2738
12167
15962
12495
12502
10484
11307
11624
12723
13344
15724
12159
5360
11968
3771
7612
12401
5782
4855
16251
14332
4933
16141
2469
15043
11020
14797
15684
942
14812
9028
14779
5755
3779
13062
2379
9371
6245
9891
1829
15924
13100
14780
2668
6391
7793
10088
39
2235
4029
7574
10786
12040
15054
15243
3152
3322
12162
145
2994
14115
15675
456
9568
2844
5059
9143
10823
6858
3890
12581
8342
7591
4972
8493
7614
2821
2653
15108
267
965
6662
11039
16384
11999
14358
12980
10036
4160
14558
12721
15525
6186
368
16248
10548
10534
9476
113
2182
3004
9464
15749
579
611
5858
1412
1872
11684
9759
1656
7495
7427
6540
7018
3303
10943
12119
5251
2685
11672
13681
6579
926
6413
12539
5351
5777
9968
15905
8757
9488
15226
12985
4048
12644
15249
12872
3065
16166
3713
4645
11264
14372
14994
12514
6712
15685
995
8344
2700
12497
6829
15980
12542
6607
5394
3465
8794
3403
4152
5480
2040
9161
6182
11696
3506
11460
6879
16290
15610
5936
9942
16230
12485
10393
8458
7696
25
7999
9162
7836
3584
7214
2337
14737
16338
11825
3448
10631
14408
8265
813
2140
6309
8515
13635
2829
3902
10962
8945
12435
9394
4286
3569
7847
1721
2397
12139
5244
13984
6227
10122
3521
12937
11339
10178
13848
12010
2762
190
15366
10903
227
13775
4181
3241
7785
2687
6511
3496
10271
6326
6922
3333
8814
2104
13928
8457
14064
13768
5712
13108
5731
7913
7469
5049
680
339
4356
4828
15770
7871
10852
12551
2405
2014
486
13587
414
15406
5975
9054
10024
13696
653
2465
13152
15045
9877
9525
7546
16207
6817
3919
493
6538
6899
9903
8079
583
9792
4918
10972
443
2358
14308
14327
4928
1703
12858
6200
5696
1636
11236
240
11993
114
425
13228
9944
14478
597
5814
30
11117
10398
8513
2391
15841
5182
10829
5175
15066
2444
12269
514
8272
4610
4085
12692
9858
10370
1852
7475
15936
10452
13782
5117
1315
6249
9801
13998
14385
1229
3018
10450
7832
8085
15303
14050
3159
2461
14713
6198
11068
6103
4513
9404
13819
1149
9361
7610
13267
3957
3374
1745
9366
12034
6730
5987
619
9421
5626
15301
15284
12861
14643
6427
15993
15696
8056
5775
10023
10213
107
7522
7060
14469
6788
11245
1695
2208
16309
7470
6261
10039
5275
6614
11093
11331
11254
16244
1244
62
4558
3261
519
6851
8434
11088
2204
590
7364
9789
4963
10606
6333
2347
15080
11900
1592
13455
11522
9017
6571
1130
5302
14203
10935
14796
3230
12724
1146
4946
2995
3078
8851
5419
3737
12000
12813
14485
2801
8562
4418
9007
8796
9814
3513
15727
3784
11802
13446
1385
1284
10092
1689
1361
12522
8535
1254
15134
7790
4531
16189
3587
10138
13387
3306
10550
11492
4098
6369
9188
5266
6950
10735
10682
12627
13078
7752
13274
7166
13966
9807
9418
4747
7094
11329
12848
8452
2308
12264
13406
1655
15538
12028
3133
15198
2428
4673
3063
1413
13364
3618
2983
14029
3534
14898
5408
10916
9537
14359
7333
15879
602
11614
2395
3431
11122
14742
4638
9994
9355
14302
6145
12960
997
1337
8654
8914
5795
12590
11754
4255
1317
15242
2508
5736
12402
15717
15405
3775
1925
12934
348
11006
6079
9484
29
2988
1212
10159
9983
3271
3106
8285
4368
13606
805
11388
8297
1739
6541
14222
5564
15838
15608
15926
10799
9865
4079
11436
310
3642
1589
3284
14424
14848
11165
9653
1003
11291
12818
12284
2755
6884
11308
4250
2792
5416
10588
5449
13987
2458
14676
11804
377
2457
7418
8908
13817
7523
13110
12082
13845
14407
907
1463
9887
13755
9155
10256
14418
15796
1095
11101
1905
7223
7683
5584
8177
14141
927
15024
7382
15105
2734
12332
14931
12793
5047
5045
11699
6486
3077
1904
755
15021
14033
3875
10447
13556
2739
424
2868
13214
1749
10977
2495
15625
16128
1541
9573
8130
1885
7014
13431
8550
6133
14711
11535
12981
7222
9249
15665
10666
10083
7695
9266
27
15561
9041
7764
1182
8705
6931
2678
6557
63
6242
2587
8305
14538
5301
14935
11178
14605
5147
363
14482
11776
7909
14219
9651
8847
16308
9718
2723
5620
7974
14031
7856
1507
2017
7890
1547
6923
16080
6487
15272
9894
8516
16259
16296
4490
14660
640
14531
9492
383
4047
1899
13657
3885
7109
5637
4871
11617
7864
14232
3468
10417
2950
8381
1553
15023
2775
5217
4431
12051
15866
11729
2137
3892
3992
14251
7957
14501
15597
3769
3492
2799
10793
9939
7444
12120
5953
7490
14785
122
9444
13462
9507
10763
15421
10314
3436
11342
3285
11326
11904
6131
9298
11235
1546
11845
7598
14351
2566
7171
1748
9073
14356
11819
5888
9238
15205
2422
3669
4444
8581
5362
2181
13561
6770
7212
11507
13102
15660
15971
13833
13741
757
1607
16353
4750
14966
5749
4541
6292
7417
15735
11899
2080
643
16372
12121
1616
1005
13739
15456
8629
15213
5153
13463
6638
9157
15708
8425
15497
6580
839
5532
4442
11481
9350
15393
2779
7435
9065
15399
13336
5903
7525
4381
9283
1262
1878
13878
1092
11760
8028
3245
10504
13118
130
7177
13653
10197
11103
2186
16280
15147
1300
11024
5568
1512
11631
4401
14487
12419
10467
13832
4775
14773
15268
758
12492
3388
10778
379
3164
639
11734
3360
7017
9503
11112
12645
3546
14277
7234
12255
4669
5053
1206
15051
9438
11953
7257
15218
13508
4496
10749
12130
10305
3385
9851
9282
14004
6081
1579
12587
161
9388
2731
36
4600
5181
4370
16321
3624
7991
5634
9226
5567
5334
5155
9159
2429
9323
13940
11995
7228
6412
2306
2573
844
6356
14520
1798
3792
15899
14687
13317
7096
15964
4898
14810
9148
545
11141
2910
5968
208
16135
1039
5946
14587
3657
5813
15723
373
9794
6329
8820
3010
11183
11465
137
2939
2912
14679
12106
2000
4113
14085
3808
8475
5092
14694
12886
4607
9760
729
14448
6739
7033
6717
7287
9991
4760
3708
1735
3656
2321
5234
3419
7921
16036
4618
15206
14463
14022
8093
4345
6290
9179
3825
9905
15730
6809
10345
4888
6263
15741
120
10727
1065
3020
10985
3194
5392
12377
2554
11375
4836
7471
8572
12250
6438
10204
16157
11585
1365
6189
13287
3337
13260
5891
13407
2482
13615
2588
9996
7620
5489
7644
11167
13087
3946
4441
3693
8180
658
14129
6688
7719
5492
11057
5704
1053
2260
14338
14624
3305
8250
5609
10521
2682
15562
12080
16374
10879
635
14589
9034
16379
9493
7638
9923
5002
6336
13862
11413
9780
14579
2614
795
13788
15099
2165
15512
15961
4793
7949
10997
1912
6825
13170
13612
12511
2505
5191
9010
16307
5875
4171
7876
10021
12465
12327
9691
3633
4875
6072
10528
761
16070
6560
2111
13055
2474
2032
9192
11934
7397
330
1671
16367
11770
11354
4752
8415
8213
6721
9048
6029
2424
12024
8301
9410
5232
15182
11812
2263
11357
10929
11537
15811
11061
5961
1354
3795
3589
4198
12889
14237
6936
12843
9250
15974
14828
295
3805
1019
12406
4637
7450
1590
11089
11549
12222
13573
14852
10326
15317
11079
14373
9756
4678
152
12764
13955
8304
9617
7072
221
13094
2651
13184
13568
10330
5433
8393
4182
9097
4830
5011
2896
585
15705
2696
4247
4785
3619
3529
5880
5521
1154
4154
3861
2485
11945
712
9822
14360
3671
11942
12607
14107
13892
11618
449
8316
13325
8289
12229
15768
9463
847
14365
2616
10810
4110
7609
2890
3025
7802
3242
620
7865
15323
666
16072
2548
285
13633
1377
11155
4857
11686
6366
4269
6932
6439
947
2677
3842
347
2581
16115
14097
2381
6239
13104
3163
1439
13913
2216
9435
1109
167
14323
1431
13252
6394
12993
6846
12004
4763
4883
1929
6987
12584
2661
4648
13373
6529
9788
593
411
14028
8880
3215
3082
1188
10136
14701
2932
6501
14470
11742
6259
6628
4601
1170
11173
13241
5194
386
13951
2095
7254
14103
11219
5074
14724
15311
12785
15819
11513
4108
2245
3551
598
3853
10329
13899
10209
15279
8388
426
7807
9389
2432
13298
878
9692
13703
12920
5308
3480
16002
502
7656
15036
13018
13628
4969
15257
9382
12277
16376
11086
1647
3958
1562
16360
8025
8881
12687
1860
15436
15507
2523
13201
2852
13245
10564
9177
721
14698
13881
13162
11153
8337
8459
6513
1152
7265
8266
12452
11876
3782
14297
9482
5171
1472
16035
6248
2112
4128
14804
10107
13186
13071
199
11895
7667
841
10191
9447
2993
8167
9561
5930
12774
15882
12171
12487
14556
13649
8494
15475
4844
15261
6894
6707
5772
12513
13924
6663
16378
8955
15139
11856
13972
15710
14191
4150
855
3650
2117
4956
6459
618
9712
7338
12849
3359
10328
13232
11540
11108
11022
5507
15949
8154
13856
5457
13566
2463
8840
9530
5883
1234
5156
4421
3401
12346
1407
12639
10096
15007
7778
2555
14617
12995
5850
10627
11914
9292
6204
16326
3407
2036
13674
185
14634
9021
3233
14083
14255
4561
11838
7647
12624
4417
15059
7916
14065
7529
12725
1079
2292
4737
2417
4074
13437
12054
11279
6066
2099
6307
10744
14819
2926
12203
16011
13451
10139
13484
8618
10032
15287
10699
10708
7941
13498
8496
5545
7191
9353
12553
2312
2780
1196
910
7946
10396
12754
237
5864
40
7879
6850
7858
10392
3508
9973
14049
11612
13225
2533
12366
170
2721
9975
11261
9184
155
12138
5926
12826
11782
951
5305
9499
11567
482
6085
9659
11864
11948
196
7877
11873
15246
2814
10780
3489
3926
14386
15225
8152
3561
8740
3869
463
13069
8397
7788
8331
2982
11524
509
11491
5778
9037
8446
12463
982
3688
3278
633
958
5957
12190
13865
869
1937
5058
1681
4754
10674
10129
6693
10933
4873
11990
10411
7745
10817
1652
7592
15731
954
1909
13009
8417
8175
14958
3868
15146
10518
883
15762
4231
11278
6043
5317
5474
3641
8117
12305
10244
4845
2387
10626
184
8153
7465
2295
9709
15239
2558
11637
4478
3015
15799
3995
3932
12520
4298
7375
12320
13990
7230
3475
10094
14117
10680
13134
6531
7617
14728
8314
6021
13410
12753
13814
3058
4118
1121
12750
306
4573
11758
10994
5964
6452
16348
5686
11978
8992
14405
4265
11908
13353
15438
14099
4988
15989
12087
12894
6436
15265
15815
14479
4460
2727
2698
9426
10391
6240
12163
16108
12132
12072
7590
2221
3607
8207
9897
13485
12500
2370
7406
4657
16212
2361
10882
9765
12177
11795
16047
13427
4270
447
15490
10045
7542
14837
3991
10103
10297
9723
3116
10831
4306
15186
5263
10688
7939
7825
14344
16221
9003
12718
5202
679
1314
10711
2303
8419
15527
3515
6169
2879
1404
15943
14769
1709
4307
3094
14912
10694
14319
8198
6902
3226
16293
1430
9693
8693
11570
13679
5722
7894
11841
14422
11416
1360
3963
2497
608
892
1468
8978
8622
2332
13464
1940
7088
9588
9372
5942
3794
6555
10496
15455
10076
8290
9311
11736
6727
7282
6115
433
7521
1434
8013
8772
1895
5794
2633
12140
5822
8120
14287
4627
14076
8491
7829
15423
2500
5017
1353
4874
1137
5900
10658
15100
12100
15844
7
9100
10966
15389
9273
4075
7776
6293
3295
693
2737
4643
8982
1850
881
16183
14695
15199
14055
12693
6205
14309
4038
9280
6722
15057
12739
10205
6142
10344
16317
8803
2592
12079
8766
3692
2222
10217
2233
4363
13460
1692
3694
6344
10834
6382
12997
7336
6977
11554
12735
9501
16000
16222
13453
12748
6310
3225
12586
10325
13359
6049
15493
694
15774
1971
7025
1424
6836
14395
9755
10007
6203
3691
15253
2719
15074
12567
3533
11783
15278
14205
2102
5646
4735
15922
4892
261
12088
10604
2552
5462
5790
2176
11149
937
9110
7199
11273
11451
12990
3520
8106
14738
12957
10913
8667
6069
2724
13322
10149
5107
6458
10525
15337
9948
14114
1766
12464
8687
1987
3291
4177
10512
16275
385
12524
14600
3314
7215
3557
15576
8975
3614
15698
12383
15403
2011
13041
6562
12279
4371
11980
14998
12661
112
8785
3107
1664
15274
4682
5093
15140
13199
11877
1307
16017
5233
2141
7535
5882
7935
9797
9265
14739
5550
14253
15681
10049
4821
9498
15627
16052
2594
11434
14152
2499
5106
7056
6574
1423
13305
14636
1083
3165
6683
9726
7066
15754
3622
1334
11926
15030
8653
4026
5184
648
7038
5315
9318
302
6471
8830
4698
5865
2749
14727
10571
5227
2966
7561
3749
12299
5073
11713
15306
1248
12585
11486
2329
14226
16066
11531
1565
6241
15401
10919
6347
14517
9976
14787
8743
4543
10713
2484
12189
11970
15013
3049
7289
7664
5146
9578
12625
8311
14839
5027
11854
4783
16382
5670
1615
4958
1148
8358
12729
7990
2517
2971
16250
15945
9733
2205
8080
10620
15619
3552
15339
1250
7901
2101
9700
13385
14459
4644
14002
2128
4297
15915
2839
8561
14248
6423
10925
10592
7458
1855
2349
2265
16295
16147
3109
5269
647
561
4594
6060
13647
15784
6841
15788
745
8614
6593
3048
7325
6414
12005
14749
16085
10537
6947
10141
14072
3729
220
8256
14655
13092
9547
1598
4902
13800
10413
13511
8236
11468
5026
11977
14116
12195
15633
6156
13864
15716
7123
7930
10908
11882
8081
11066
4212
2228
16324
5187
15302
2185
7539
2516
13333
10125
8512
12601
5710
2634
5570
6284
1001
13688
9936
13710
5102
2169
1029
5878
7769
6375
2394
6071
406
8727
571
9740
7229
1785
4099
10160
15645
5226
9377
14889
13077
4621
738
1957
3772
5459
7809
4149
13179
16200
14335
9706
4908
12830
12977
14447
7712
922
2013
9843
10133
12312
4688
615
5740
14723
10848
1922
3308
10531
160
7860
10346
13844
9652
12890
1672
15948
11146
4347
2888
10320
7360
8287
2635
11941
9872
4521
11737
7981
768
14301
9869
8464
13033
11015
6237
7715
5324
15620
1241
1450
7622
3961
15496
13935
3917
5803
12841
15575
15016
7009
12192
3033
8627
9295
2252
1111
13254
8724
14532
14163
5376
8748
11321
3953
7404
14506
14124
13187
12805
2070
8554
3001
15477
6207
4423
12744
10155
8852
2899
13617
16175
4819
7144
811
11768
13382
11814
6865
13663
9248
10483
5806
1221
8956
13618
11654
15204
7988
2100
15876
7669
15977
12734
7021
4256
12067
13733
13258
14522
10054
4746
7600
13155
10248
14540
6664
10689
7268
10472
2225
11221
14252
6610
2456
11526
4917
2421
5647
2940
3980
10383
14119
5382
11177
3213
13293
9832
11584
7327
6636
9119
10926
14095
15763
11665
398
11972
10481
16179
318
7273
15094
9985
6759
6127
11811
15058
14619
1371
4611
1118
11497
11081
11848
15746
4011
2884
10984
11867
9569
4514
5288
3823
16038
9784
4105
16303
3153
11890
4588
13549
707
14851
276
14438
5183
12560
6092
6764
5403
13809
12381
3721
817
11603
4957
7585
934
4111
4625
8292
15262
5006
5536
15925
11609
9221
15695
1705
14817
10169
5983
12166
13351
2414
9141
11349
13611
1294
7189
11863
8185
8414
7326
2498
7352
1843
14331
8139
884
321
474
11905
7162
6448
4053
7904
14683
11893
15321
10549
11358
8444
8443
7502
11060
12201
11579
14650
14451
4606
13160
8356
16041
6946
15047
258
10841
141
6144
359
14078
1253
5345
9299
13112
6515
16249
8502
15833
6594
559
10808
10502
1963
5065
10350
12986
8235
11238
12694
2161
2369
8116
8644
57
370
15437
4795
12595
14052
8529
15830
8192
15091
6062
8884
8282
11277
11033
6153
1260
13909
8690
776
1139
8986
7897
3238
1653
2563
4583
8144
12769
6567
2903
76
13133
2091
14201
4740
2152
5371
2860
4802
13135
797
15451
539
4209
911
11051
1195
11127
15428
14403
11371
14340
8460
984
9678
7653
14290
7680
3575
6265
4864
427
7344
1613
3313
3454
5693
9183
7353
2027
15466
7231
3582
15908
8528
9556
8336
1936
3545
4211
1699
3037
2630
12942
13183
10192
7589
52
4317
1236
15918
4732
7296
7455
7153
9247
5424
6978
16310
10947
15001
13671
11443
11728
2520
11271
5145
2475
9741
9051
7783
4435
1460
1257
14210
2796
9711
14559
7685
1400
2571
11415
16110
12893
14008
2481
5713
5920
13273
11677
11239
3249
527
2356
7285
6451
5575
11056
13699
16261
9786
4959
14437
13850
11998
10457
14977
13396
12459
7984
14608
12431
7632
5455
2937
12631
12515
13103
11216
2334
14168
2621
8524
15743
13929
9868
5690
13613
11717
15725
14599
21
11336
14012
11498
2350
2819
766
13081
13622
4907
11305
15548
2378
4414
5836
15950
14267
15992
6469
6217
9008
13975
8000
1772
4559
9057
15390
5824
8600
15470
16258
6749
15656
10697
2550
7052
9045
14388
3054
10369
10923
2882
8981
4978
3732
437
1513
16064
5080
9667
13851
14273
15582
3346
3942
5061
15540
435
10075
13969
7691
2923
7236
12577
10895
10993
1332
6173
3579
5168
9475
2570
12884
1880
13444
3564
5124
7024
12521
13178
11109
4281
6776
12810
3899
6327
2088
3703
5267
9236
1750
16265
10837
6218
189
9770
5649
16130
717
2965
6024
6955
2703
10593
13109
8854
9153
8903
8678
14035
9417
10109
6475
7765
4613
13281
13477
2043
8343
9254
5095
3386
11179
8786
4399
13666
12761
3913
7428
1311
15843
637
10563
10820
9330
429
4304
15291
336
684
13963
1837
7662
16312
1698
4741
480
15062
7593
15429
3068
6926
11267
16300
5974
10470
7411
11201
3854
3195
5402
4866
11721
11325
9899
9809
9272
14266
6330
6164
7968
9591
5085
2483
7534
15700
13116
8781
12118
3099
12437
10498
13645
12489
15192
8887
13106
6867
8036
6316
15714
10263
14560
1975
9910
15126
15856
8976
10520
3457
10408
3512
11495
2702
3061
5754
369
9359
12939
1848
13763
657
1408
12404
5918
3845
13599
1347
15443
5491
13220
8624
9112
177
11251
5980
1156
14536
14625
6104
9197
5296
10876
2722
7964
12798
9386
8996
1814
4409
8689
7759
9945
11131
4525
7567
1403
9011
4032
4400
2607
6624
9680
1802
5602
13917
12688
6467
11527
4658
7472
9024
13027
832
2194
16037
835
5387
1107
15290
119
9816
2496
3761
5789
9067
1991
12710
9599
15103
9642
3876
11062
6835
8129
9409
11870
2539
7456
11175
4751
8332
11984
8131
13524
15636
11594
6909
4825
2599
8234
716
6035
5160
6434
15546
8683
7459
4434
11805
10617
4131
6791
13794
9834
10716
9585
1618
6011
4121
15563
10853
2103
15658
15895
5540
14134
8182
14283
16198
2227
4854
12300
3005
12797
1534
2898
2273
2402
5203
5195
11453