948
1831
1996
332
462
857
559
1851
1136
34
1596
493
184
391
1047
1473
26
1107
1923
1408
1597
1828
1076
1961
375
407
887
458
1121
883
1336
138
335
912
1693
1967
1266
1372
1943
1170
1293
721
450
1343
316
1013
998
1393
2028
894
464
644
1758
800
351
1720
499
986
2
1345
206
599
1520
302
1151
214
618
980
1645
1539
1593
867
865
603
1428
32
1111
1490
1471
108
1748
69
1586
632
1647
963
102
1272
1922
2044
208
1321
838
103
775
1418
251
371
1432
1226
967
685
1700
789
788
77
839
1974
764
1953
172
1097
1048
161
804
17
1567
746
1463
1127
1041
1904
510
1949
178
750
86
1252
1403
756
1101
924
1513
1344
561
152
785
1366
272
1675
992
1496
1615
870
283
882
297
1694
1683
115
20
1658
833
101
1592
726
472
1570
1679
968
365
757
791
1963
1697
1305
810
1769
665
1156
1621
925
858
657
1093
296
1845
440
75
63
217
420
1538
2012
544
1888
239
1793
1405
818
415
1443
531
2046
1989
1511
237
1903
404
1877
1931
1894
995
1805
398
1709
1914
683
1620
914
277
1429
1821
892
1902
807
1154
160
1817
515
1919
245
439
352
252
1908
769
1100
1703
1133
198
1537
654
776
716
741
1733
1050
104
1577
1629
201
23
1959
1451
1153
1616
385
600
134
1501
1297
1639
1469
864
298
247
947
466
745
1276
795
1098
978
1790
114
71
438
1912
1456
1792
236
55
1340
141
1763
690
899
1833
1000
642
908
1329
1536
1934
1291
1369
1572
929
710
162
650
1815
1942
151
1946
982
1131
1861
1004
1729
474
1190
1449
300
1906
1502
1876
1379
1208
1726
1746
1886
1176
373
190
1476
566
1917
1355
1826
1296
1883
1073
1910
1070
164
246
386
1633
1773
1735
1239
1573
1544
1864
444
518
1242
432
1984
1640
304
1667
25
826
616
360
87
333
155
1279
749
1348
921
1636
1046
446
1970
3
362
136
1115
46
1887
112
990
582
117
552
1162
2033
2043
856
88
1594
1576
482
1884
1691
507
111
1185
718
1802
306
62
261
517
574
262
225
936
2029
1152
1396
1892
630
253
2020
1401
230
508
655
751
1777
311
384
268
1108
724
2032
689
180
348
1895
167
1885
1542
813
822
7
359
1441
326
558
593
1515
278
1028
1434
1382
1030
89
387
347
357
1248
987
1468
1092
1627
861
1672
38
979
1605
157
1932
917
886
1714
378
82
1318
1553
506
779
1223
200
1829
1925
1634
291
1202
1711
456
131
424
1579
116
390
635
1263
274
758
991
329
869
1734
996
1933
567
73
2047
1380
1921
647
1678
674
1084
1584
2013
1339
981
227
31
1808
2006
688
1294
478
1095
1995
1492
984
454
289
2036
705
481
1489
181
848
868
1999
1435
199
1756
673
792
402
487
377
898
1114
1006
1505
920
794
737
342
1385
1514
1015
1138
1253
228
338
1940
1186
1446
611
1104
2003
248
1945
1955
1327
1869
270
1993
808
1927
719
1267
823
1696
1881
831
938
731
519
1872
1687
1034
1715
824
1991
1806
663
1374
1650
1096
1525
1838
528
163
96
1585
212
636
1535
19
641
783
1303
118
681
798
1132
1798
799
849
696
90
148
659
1741
489
1988
1240
666
1668
491
1580
1795
287
280
627
35
803
370
1018
2040
832
1574
1233
876
422
1958
1036
1705
1060
949
1841
1474
1122
1359
1495
958
1516
1390
1452
2011
1870
1361
1217
59
183
267
1275
1500
1797
1575
84
1486
1371
1534
1614
1712
1702
852
699
1982
325
970
1859
392
1524
2001
1450
1730
488
763
1954
1775
1880
276
1796
1803
645
2031
1852
49
1099
1072
1433
1732
11
1680
896
1413
100
1891
22
1818
950
1178
1155
1546
1069
47
1005
1300
1346
1375
939
1109
1498
671
1557
1905
1270
33
774
583
1238
589
797
1331
812
568
303
279
2030
282
772
1731
660
1052
1228
722
1362
845
932
670
1551
453
504
1740
571
1165
1309
1128
1149
897
1952
309
904
1328
919
1600
572
895
679
1812
1400
955
1341
271
907
1990
1205
1825
1491
1410
1145
159
1213
388
1031
1937
27
1840
1383
1610
505
866
1285
173
455
658
759
1481
1261
1054
484
1762
1810
1319
78
1387
1212
1278
1198
284
1389
94
1581
1082
255
1421
1407
1020
16
486
213
328
1075
1257
816
814
931
989
369
1347
150
1378
461
573
1381
250
1260
773
1764
107
1743
1663
1648
1002
1447
973
1218
483
1251
1304
1928
525
1129
1844
577
514
204
193
811
1717
419
1897
541
1105
1623
1135
661
149
1552
492
1110
646
374
1330
1124
819
1120
1550
1704
310
875
1986
315
1920
825
537
557
739
61
1751
576
956
1745
1527
1298
1231
511
708
2018
1716
872
503
50
1599
1106
1119
54
597
2015
1137
1161
241
45
592
1656
1547
815
742
1563
1972
441
447
1571
1907
1555
1526
1926
575
743
729
1983
1225
496
215
1460
720
725
1929
902
421
580
550
878
51
1256
1283
1037
1334
633
1561
429
1090
893
1001
1194
1728
1325
1116
147
109
65
1839
448
540
165
1150
1977
1056
1830
1406
1899
1606
171
923
1855
595
2026
1860
1962
965
1399
120
672
1968
1184
1353
1442
1021
1445
1459
275
41
880
1652
1168
1457
762
634
983
1117
1350
1483
400
1889
98
1804
269
1960
1044
1436
840
1144
358
684
704
434
977
695
85
631
1230
1370
394
317
1103
844
850
418
308
1182
1820
1288
994
513
1837
1376
1065
553
637
2019
768
587
913
802
536
1160
1130
1316
1879
1079
169
1187
1569
1455
664
966
1543
1736
1337
1386
1219
1973
860
479
1759
554
881
130
1601
406
301
585
1698
766
915
416
72
153
1409
501
1077
1518
1862
28
1246
339
1235
1951
263
2042
1863
598
2009
292
702
1749
817
1548
1545
430
701
1259
1744
1911
1388
1094
1488
640
1772
1725
451
1159
413
1707
1174
1464
485
548
1801
146
1721
943
1739
884
480
1284
37
1688
39
1562
527
1012
1738
1898
1349
890
847
233
119
1438
545
678
668
1673
1684
1857
1842
622
940
92
48
1247
1811
202
1504
1848
53
909
953
1832
1066
133
874
1237
1918
327
827
834
43
1540
626
1941
1757
649
216
1351
534
197
15
682
497
697
1856
1440
960
174
700
584
777
2005
1660
1417
625
1062
1786
1662
1302
1398
1809
945
569
535
1277
1708
1416
1753
1424
1397
95
1494
1517
1027
871
1394
1180
1497
132
806
1289
29
345
1653
1080
143
985
254
8
1913
820
1791
1519
698
521
1426
1661
196
1807
1053
477
1126
1930
952
465
546
60
765
368
260
638
738
209
602
294
1591
1363
1677
2014
1141
30
24
1448
2041
128
837
397
809
974
1188
526
363
1243
417
1565
238
617
1774
469
786
1568
1221
612
733
1014
1179
628
1978
405
1508
1139
879
361
1588
175
67
1782
166
295
1063
189
409
226
1439
941
624
1007
1618
443
1367
1727
2016
1454
1311
52
835
1987
1506
1836
1866
1724
1874
629
340
21
1975
1503
836
1632
223
285
281
76
457
596
64
1214
975
81
1164
182
2034
542
44
855
1262
846
1043
1042
467
1957
523
1148
805
410
796
900
1195
1964
1265
1430
305
1767
423
1458
891
830
1522
218
1269
170
863
5
1981
106
1373
356
1901
1766
512
1112
962
730
188
382
293
1395
1846
607
560
1268
753
930
1771
126
1719
1273
1789
144
767
354
331
1125
364
1778
1169
770
1384
210
1210
933
1602
972
312
1216
1814
463
579
122
1057
93
498
549
1701
1787
399
473
1197
1207
604
222
265
1356
57
2022
1003
433
105
677
594
1255
1878
1893
1695
1173
1685
1392
761
1956
889
1622
137
801
1947
1032
1282
192
435
1980
547
539
1512
885
1307
1308
319
1091
258
1609
620
1025
1659
543
1201
1040
299
1478
1847
1630
1123
1665
414
1113
383
652
1666
735
1019
490
99
1670
431
1181
1800
242
1768
1868
1338
1068
1823
1196
997
1022
1676
723
314
240
1628
1482
715
313
460
1011
556
1333
1938
425
79
1059
1896
1598
1948
125
1071
910
1167
609
1191
1009
379
249
1686
691
221
619
1760
324
411
1203
728
1335
344
372
533
1626
288
1722
1241
1453
1655
1299
999
926
1310
1102
828
1067
935
842
873
318
1654
1391
1541
1166
83
113
1865
366
1873
1425
1507
1280
376
74
1761
1204
1531
707
1322
1969
154
760
942
1163
494
1882
259
401
1564
495
1651
123
1944
957
1595
1530
538
10
780
711
1479
1770
257
1752
1976
563
608
186
1780
2025
709
12
1643
1171
320
1286
2017
1966
1890
1854
1192
1834
2038
1142
140
778
669
1354
736
1427
964
1779
667
1799
821
755
2037
529
1024
578
1423
520
565
621
1292
1613
168
1558
14
1326
1271
922
1172
1582
2048
229
686
854
976
9
1157
1617
1431
555
307
124
1078
651
244
601
442
1412
954
1087
714
903
1783
56
66
91
243
1315
927
1641
1415
613
1358
1227
346
1509
1414
408
1755
905
1785
1306
1950
256
396
187
139
562
1484
1312
1215
1317
129
380
706
1146
586
1222
110
70
1236
1604
68
693
436
1467
1723
1747
1209
341
1824
1085
220
1994
1819
784
1971
177
286
1320
1211
1220
2002
605
1254
232
829
877
1560
2035
614
1611
1909
971
1342
1608
1992
648
570
1682
2023
323
748
1649
1232
1612
1083
1788
381
1689
1023
395
224
36
1313
1051
2010
944
1523
336
468
1477
790
2039
1776
1671
1301
428
1935
1064
901
1480
207
1466
1419
1985
928
470
1589
1875
1713
747
1147
1049
2021
969
1750
934
591
588
330
717
412
4
1229
530
623
643
1900
1936
1590
1086
219
1657
135
1368
1250
1979
1143
1603
203
1010
1206
195
1858
676
1813
176
97
1997
1718
426
142
1140
615
1521
205
1737
1843
266
322
951
1690
231
185
988
1849
1258
959
1035
321
1554
564
1637
771
1965
2007
590
1175
851
80
1784
606
234
1249
524
1710
500
1607
1189
610
1038
787
1193
459
551
1324
502
191
1323
1365
1402
1939
1765
1493
1816
235
1853
1510
782
1055
1017
1462
1850
349
946
350
687
334
353
509
1528
437
1624
337
522
1583
1008
194
703
58
1244
1635
1794
1158
1871
532
853
343
1754
1314
1532
145
475
744
1916
1377
1619
740
1638
1924
1475
2045
911
6
1352
264
1499
1781
1915
680
449
1472
906
355
1061
2008
1074
1664
471
1290
639
712
1998
1422
516
1026
1587
290
1029
692
656
1058
1867
1470
1081
1332
1487
1
754
1118
916
1224
1566
781
1681
1465
445
1245
1287
2024
1559
1529
1485
1039
1549
367
734
888
179
2000
1706
961
1411
1742
1631
393
1444
1625
732
1669
2004
1183
793
1177
18
1360
2027
1644
211
127
662
427
1835
476
42
1295
1646
1404
1461
727
1674
389
1364
1822
1642
713
452
918
1016
1357
1281
841
1199
843
273
937
1134
859
675
581
403
862
752
156
1234
1200
1088
694
13
1692
1089
1533
1045
1578
40
1827
653
1437
158
1274
1264
1556
1420
1699
121
1033
993