3468
2094
4004
3641
2860
323
3384
2138
49
3558
2110
1474
2700
2955
3440
501
2523
1674
3442
1141
404
485
2965
2103
1174
1891
3307
1391
3313
2799
68
3934
194
2930
3398
3972
1646
3011
974
3610
3521
1598
1077
1935
3176
3079
2531
175
2535
4048
3826
2774
2760
2600
1171
1429
2258
4019
2111
3149
422
621
14
1237
1701
3685
2072
2424
2321
1731
3213
4077
2862
441
1264
3611
2283
3814
1284
6
2019
337
3500
2719
3496
1149
3727
3880
2660
1991
1657
1471
3086
2290
3320
2800
762
1945
1562
3075
1754
1882
739
2190
2240
2604
3569
3118
3418
4058
838
3773
3922
3466
217
1836
1728
3073
1641
2359
1358
679
3025
1730
3857
3620
601
2169
1695
2223
1007
1742
445
685
2256
890
2525
1111
2042
3278
1012
3667
158
2215
456
98
1965
339
992
436
2026
1607
1844
1655
1168
547
3830
883
1465
2387
648
2902
3070
3576
3259
986
3276
102
3619
2076
1966
665
2010
3612
502
3647
3984
1928
730
2382
281
3395
4082
3613
726
3604
64
4049
2414
2672
2466
1195
3946
3160
999
334
1622
1582
885
1970
2682
1687
570
209
1449
3909
3964
2099
1786
3684
2241
3364
2204
3387
3980
2734
1640
865
400
1883
2938
2074
1925
3508
1817
2115
3876
3756
2571
895
74
3419
1240
1823
2197
3096
2040
2227
2254
3963
3591
434
2443
77
3221
166
2884
1108
1383
4084
1519
1644
622
3657
1202
2728
3989
2854
3807
2493
1177
3273
3813
2487
878
1082
3875
1203
370
617
3281
2637
3420
3465
1735
1142
2540
717
3540
204
1998
2090
2891
1741
2850
1060
1822
384
671
2500
1194
728
417
787
3340
120
93
3571
2051
4009
2914
2049
3308
261
2696
1444
511
231
213
2899
153
1852
2346
1300
3219
1129
3649
1404
192
833
206
1984
1596
1088
1885
353
3189
3327
1332
3077
1493
3224
3215
2825
2303
250
2739
2587
1322
602
784
452
346
1236
2885
1685
850
1973
593
2653
3936
1184
2435
225
981
2294
4041
433
2120
1504
115
3729
1123
2273
448
2277
2791
3815
2242
759
1226
735
1218
387
3676
1881
2368
1050
263
258
1330
2764
493
3897
1678
3310
1251
2654
576
3574
2400
190
3302
912
3643
3660
2379
1681
2519
2810
3846
20
2605
299
1062
2982
2887
1595
3326
914
636
3768
3223
2257
3771
946
3083
809
853
2578
344
1890
3493
1477
3751
1581
3985
2233
1070
2098
2749
1143
1789
2636
1017
4050
3906
3633
803
2003
3214
1137
528
1775
2007
85
836
1329
923
3151
1752
3548
2792
1454
3207
3396
435
3012
3342
4054
2431
3286
3312
1287
3133
3392
3932
167
2650
3762
1675
1301
3598
3933
2385
2216
625
794
2132
975
3362
1570
1732
1323
635
3926
1393
355
527
1939
879
2879
2614
2763
943
1516
3291
901
1937
1380
3706
2108
1095
3910
2666
3321
1660
481
4001
1913
29
1178
745
2936
3654
13
1683
3174
526
157
2202
176
4014
2782
2390
1694
1737
950
188
1089
968
2313
3715
3105
3109
3711
1666
915
3414
1922
1034
504
1112
552
3196
701
1774
3878
1362
230
1797
1635
2009
184
425
1173
1609
2069
1791
2086
889
2820
3303
1185
189
1531
2831
4026
3194
109
2117
753
2037
3859
2585
1691
411
3042
2756
3836
305
832
2819
455
2199
1155
2289
634
198
394
571
3289
238
2471
3280
3152
3717
3444
2419
2304
2243
837
1958
3825
3740
3607
2976
1658
2826
3688
3668
3410
820
3930
3709
1490
2921
523
913
58
3670
689
1686
3337
1491
328
3366
2908
3873
1430
3397
1135
2924
211
699
3810
1892
26
96
2718
1567
1653
2978
1397
321
3314
2927
989
267
1192
2036
3895
2520
2878
1181
2553
101
3555
168
2459
3583
1680
2281
678
959
979
3072
3928
3871
3062
2608
3996
3823
1152
3849
1104
1833
775
47
754
1280
631
882
2270
651
1578
3978
998
3480
750
4055
3218
1356
1799
1076
1146
3937
3346
3938
3027
1140
3441
734
893
3171
144
1262
2830
551
554
1908
2338
2543
3581
700
3001
1727
2685
827
483
1200
3140
3028
612
2787
2912
1061
317
2454
3014
3892
465
2733
219
2255
3380
1617
1278
1247
2939
472
2963
3609
962
908
313
2213
1905
3199
3551
1219
1630
8
1489
3949
1232
1866
2097
3311
1992
2628
3527
616
3412
3341
1193
1133
266
123
1923
907
514
3082
657
262
966
1453
2249
173
3208
2191
1432
1068
3184
94
2616
744
3707
663
768
331
3636
1564
3638
1087
368
182
2107
235
4085
3053
2868
2139
3580
3388
459
3476
2208
3417
3941
390
1131
542
1063
1776
2858
531
1792
2224
1367
3249
2232
3570
1001
1795
524
1771
770
2864
2434
2225
232
518
2148
2686
1100
1669
954
977
2157
2186
3534
2599
1336
1255
1228
606
3719
3329
3891
2461
2625
45
1317
1626
1910
1127
62
3348
761
3047
3030
3373
191
529
2293
3776
670
2503
776
1555
2657
1662
2041
2433
2455
3983
1180
509
3264
3230
3754
2644
2893
2062
111
2245
1046
1051
2674
802
642
426
1507
3552
3663
1212
565
2945
1230
2226
3459
3154
61
220
3128
177
2467
268
2909
2154
2622
63
855
2446
1410
2472
1289
2064
3639
2214
543
41
3515
2027
1585
2425
2829
1169
1900
3401
1879
3979
3696
4027
2708
1159
3021
1118
54
3782
3874
874
1875
1865
2521
43
2156
2088
871
124
720
314
512
1558
1197
1308
1452
2804
640
246
1600
1081
349
2053
892
1867
1854
308
1700
2619
2802
2018
2651
1349
1403
3718
3841
536
3600
3911
2786
2395
2122
1552
3039
3162
218
921
3229
1281
3102
2383
1569
2218
3843
3637
3651
335
2609
2357
3847
3917
1967
3295
3854
1478
1720
2717
887
630
2528
276
1811
97
2752
1520
1587
3753
1457
3225
1359
1407
2033
2569
3947
3678
1853
3645
3026
4044
2659
2384
812
2112
3805
2372
1390
2221
1120
2063
3450
692
24
2417
2818
3877
2499
3399
2490
632
646
149
2724
443
285
3222
1139
3550
1235
1801
33
3956
2788
1321
152
3095
3426
1
1995
2082
302
746
1872
2875
1850
2941
1075
1492
1038
255
2702
1757
3957
1130
1182
3201
1459
1032
2584
4059
3659
1027
95
1267
3227
854
1175
555
3971
680
925
2564
3076
2633
3256
3325
4013
599
3114
2643
3808
3634
75
1901
2102
2238
703
4061
3577
3335
3333
228
3443
3594
2967
333
1283
1712
1543
2405
56
633
1847
2109
3793
1769
3990
870
1244
3228
1257
3503
1952
2679
1761
148
406
288
3277
949
2641
3393
961
740
927
303
2846
1258
951
4043
1529
1483
1288
2974
1584
451
810
4073
1616
3856
3554
1271
2840
2263
3954
1566
2456
1938
3274
3998
3888
3306
2458
3407
3067
1170
3662
2262
2349
3094
978
1941
1365
3163
1599
2710
2178
2340
2537
30
2977
3390
3986
3665
2661
845
2445
983
4020
3413
2664
9
1463
940
956
1750
3182
2559
3690
4090
3803
1632
240
468
2824
3000
583
3294
742
3381
1039
1503
1134
1260
507
733
1871
2011
1544
2363
639
2483
1179
654
1946
3139
494
1266
2635
2335
1526
3779
1091
216
2892
1269
3858
1894
418
2149
922
3058
3867
214
1157
3967
3572
454
1762
1676
12
988
3728
3330
1816
2669
835
3462
1934
2075
3741
3501
1316
1911
1634
1475
1709
1860
3125
1126
3795
289
3141
516
1982
3178
3464
453
2915
2546
1707
1804
343
2656
3797
2038
1714
2426
1962
226
2617
401
2536
971
1090
48
2642
896
3820
1515
3966
278
3108
156
2001
3817
2188
1156
673
2767
2849
938
3210
2761
2990
1988
3353
300
525
1751
1364
1154
2077
3579
4042
3439
18
1294
4062
3345
3621
3644
1533
2940
2061
2701
1312
2554
867
312
937
3834
3994
2865
3675
928
1498
2508
1955
3043
2813
499
3531
727
132
2260
371
3992
1661
1290
3655
1983
1016
2288
3716
1227
3543
1672
89
106
1018
2008
2947
2736
2580
3132
3471
1703
1231
2722
3595
2697
535
779
2522
3703
2326
83
3995
121
1326
3770
186
2741
826
3509
3589
3864
847
3258
3494
2905
2922
487
3907
2618
769
1245
3929
1211
2758
3726
205
1414
3103
638
1808
714
2952
1417
1743
3704
1297
1013
4078
2056
1610
19
1003
3197
3394
178
681
1306
2478
3317
2052
2373
2896
2377
902
4096
760
2347
2509
139
1548
1438
3918
2581
3745
2047
3097
597
3481
2919
3275
756
3582
1897
766
3104
2315
751
3433
935
3913
4089
800
27
3828
1821
10
1048
1705
1229
3533
2054
990
2078
432
391
118
2677
2809
1099
3790
1654
549
3560
284
1040
2548
3347
1805
2180
1071
3648
926
2192
3147
2124
3369
3144
1723
741
3458
3590
572
780
2859
2999
2362
1839
2838
3781
23
710
1734
2839
2310
577
3965
4083
2498
4033
819
1576
254
2948
918
1394
2590
2841
1950
2648
1827
2707
573
904
957
1677
2835
2920
3487
1144
3822
4075
1166
1386
2394
3186
2743
2101
57
1918
2504
2408
40
1102
3944
2158
693
4092
309
3305
2142
2028
2081
1307
3290
3547
1806
2694
2714
3513
520
623
2680
3524
2464
1779
2853
457
2231
3908
3901
2665
1480
1286
1291
1553
585
3016
389
3375
1759
1957
2482
1320
1486
3898
1310
2533
1441
3536
2182
2442
3802
1272
1825
315
2386
1083
934
1863
2404
972
80
322
4072
2986
796
1221
677
2350
3038
797
3131
3010
3806
2436
1522
2541
2299
4053
3282
407
306
695
3063
1210
397
1793
3766
1370
1671
2771
3942
791
1357
973
311
1942
3483
3683
556
428
3432
3251
2175
2801
3686
858
3608
3191
3158
1273
1423
3666
410
539
964
3862
1568
1580
2611
1460
2479
197
1545
2239
732
1138
1295
799
1402
3708
2276
2934
1447
271
1222
304
558
1602
3270
3923
1787
1541
3845
1718
2562
2816
1147
1715
423
3447
2745
2271
119
269
2155
3653
2060
3368
2612
1026
3541
73
595
3172
2705
676
2883
1186
416
249
3887
1758
498
1924
114
530
1028
2647
706
379
2992
3556
3835
1649
3733
2516
4052
3786
3015
3837
811
3695
42
2323
3159
3759
1560
1502
4080
2843
2870
3049
2447
3927
357
1335
4032
3209
2796
3371
3050
843
2452
396
3033
3331
1002
3614
2296
1400
3260
839
2737
3632
2043
1122
3425
3017
2713
2588
2462
2203
3701
129
297
2851
2015
1469
2615
2121
307
1415
3789
2670
1589
467
4035
388
2769
3253
897
1428
1395
3732
3549
716
3757
2496
4010
3187
2684
1009
3120
2557
500
431
3617
1864
1187
2542
1217
3100
1054
469
807
3315
76
2371
2689
2251
2776
3254
900
682
748
2279
3522
2195
3742
3271
782
1366
3783
629
439
3618
783
3080
2972
3056
1293
2807
831
2558
2171
1629
3833
3713
1268
3798
3988
3247
1951
653
3546
1113
694
814
270
2975
3093
613
2484
3687
3370
3240
1298
2416
200
3511
5
1909
366
1974
78
2597
3032
486
1188
2295
738
1760
117
1053
2079
3863
482
1199
2071
4046
2589
2246
829
1637
1614
489
2023
755
1047
3157
3961
2539
1989
2440
3778
2631
1972
2200
781
2527
248
2497
3679
1151
3761
3018
2935
196
1809
2375
1859
142
1747
2391
356
2370
1855
1777
92
3488
2287
2140
3538
1768
477
2316
1433
2687
463
1650
2106
2282
2278
3068
3177
2328
3195
1979
2624
2709
2857
1605
2133
2248
1903
90
4003
2675
581
1551
3601
2928
3185
2168
3136
580
234
3148
764
1355
2253
2544
3059
3959
3091
81
3832
2320
2727
3853
898
376
1893
2962
2473
143
3409
2068
2272
2780
1724
3725
2971
3349
3153
4079
413
3309
1249
1604
2842
1125
1066
2196
496
3896
243
414
868
1319
2006
3332
777
1840
1843
1136
2030
252
3746
2119
2693
2016
2730
569
3421
1270
207
1422
1954
603
3973
3301
888
460
1961
3434
3113
1408
708
4006
1205
958
1704
1997
3357
2676
3599
1110
3415
2297
3055
3400
3456
3646
3800
4015
2762
1688
3403
1381
3950
3359
2852
767
185
3284
611
15
1462
3514
1419
3596
2048
2510
224
2080
1573
347
643
2806
3738
3879
3951
4030
3677
2950
2000
894
2895
3650
1980
3180
1031
1898
2794
2668
3322
2881
3358
3134
2449
2250
3884
3886
3561
2953
965
2783
3090
1494
1740
2177
1467
359
1643
2486
2706
2235
772
2207
3720
2507
3889
2083
161
3616
55
3235
2096
3504
2983
2380
3041
2237
1352
659
35
3760
2361
1514
3968
3691
1668
3542
790
3748
342
2574
575
1107
2996
3045
2334
3350
1342
557
2448
338
260
1198
1275
4051
4025
2515
3024
1148
863
3121
1670
1363
1597
1208
1388
348
1729
3730
994
3872
2206
2085
3245
2348
2823
1603
3475
626
3478
2754
2381
127
2489
3069
1206
2065
3939
3361
1869
3457
272
126
3188
2880
4069
38
1537
2229
2973
251
1976
1318
3658
2451
3061
474
1948
3428
3868
1535
1933
2855
3606
2777
1254
2772
1620
2172
3266
1766
1554
2337
4067
141
939
3046
1594
52
296
1702
758
1919
2014
3066
2342
1488
2045
4087
2291
236
1591
731
875
1803
2632
548
146
1224
2423
3924
1022
2113
1996
3454
2412
3470
1476
1106
293
1176
2453
1870
2742
2325
1005
2306
1999
360
1036
624
1325
3107
32
3338
2432
1788
2002
1848
3376
490
709
34
2430
3352
2104
1963
3723
1409
3900
1772
2198
2123
2931
2607
361
1692
2407
3925
65
3267
4074
3958
3883
1763
2173
3681
545
1586
3379
1627
932
1914
1472
1572
180
1814
2167
1920
793
813
3463
1682
2369
2087
1835
841
944
3811
1161
532
2127
2161
778
3135
840
1158
1884
1851
2194
4024
275
1259
59
2193
3226
945
2583
2312
2137
1213
2345
3602
3156
2744
3334
568
3529
3236
3935
1968
816
1540
3074
1577
2683
3143
1000
320
46
1985
1399
4037
3427
86
3539
774
2968
1611
2512
277
1116
1311
2545
2757
1824
1673
2779
3739
3700
4031
2230
324
1563
447
3288
403
421
2126
2646
3203
44
1802
3078
1495
2911
279
87
3818
1004
2131
559
1115
3127
1309
37
3816
899
1559
4066
2302
3004
3535
562
3479
1510
906
3821
2889
3630
786
3452
3269
79
2477
2688
1856
415
3489
437
2144
1755
3943
3166
1073
2856
88
1845
363
3498
3844
372
2960
1098
749
3092
566
3792
1943
3252
444
2640
3019
505
3528
3819
1841
419
2222
3087
253
1455
2266
3469
3747
442
2565
1473
229
917
247
4060
2789
4000
164
2658
1346
1479
2413
1056
2105
4047
1074
2923
1079
1877
3785
4038
1243
2882
2267
859
3605
4034
2160
1830
4045
2566
3435
3165
1373
1525
3752
3296
1764
844
2907
1745
2129
3767
510
725
877
3969
280
1497
3794
2958
2179
3765
2649
350
3190
920
2888
2873
3735
1253
1648
3356
2966
172
903
664
2681
1706
3126
341
521
2492
3057
856
264
3682
2429
880
828
72
3085
2699
519
1868
1899
1820
2662
857
1353
1834
3300
1117
3712
3920
3672
1343
3780
1916
3193
2475
1556
2219
3204
652
1164
815
846
3628
3316
3111
2954
2793
3405
1623
69
147
2808
984
1645
1411
1753
3921
2093
2703
1889
2894
2932
183
2422
3981
596
39
911
737
1345
3089
1828
3071
534
711
817
2886
1277
1593
2678
3411
993
2695
3006
3112
789
2145
2765
1831
1487
286
618
1993
2933
3382
1665
1744
1636
294
1932
2480
2151
1782
2300
1929
2871
3507
3772
3060
2750
3477
1949
667
2366
1246
1512
3544
2529
2317
2070
2729
1575
2084
2259
825
3516
3869
538
1722
386
1282
1725
2517
2863
2822
3416
3123
2165
2906
610
2505
1906
930
257
3022
1019
1838
3383
1987
3064
492
2150
2280
2396
2004
1458
2415
3051
160
1296
1315
2778
2410
2322
2269
2530
1121
3775
2969
1097
2268
722
2438
365
2491
506
3722
3563
600
3292
1547
4091
3855
3181
364
798
1292
1708
1647
533
834
696
662
282
3698
822
3378
942
1418
2549
1030
2514
2805
952
1858
3239
752
3406
82
2949
2481
3622
1421
3661
2292
1549
1191
3699
3838
3495
3505
2753
743
378
3904
3919
590
721
2307
683
3801
2716
1528
3486
3472
3714
2623
3640
3424
4005
11
3562
3048
1351
3763
1810
1470
1964
116
2898
985
3324
771
2592
2579
2205
1234
1930
1773
864
2897
1499
409
668
3484
3999
1334
1029
3860
3285
3697
3588
2577
351
2602
1010
851
1401
2428
3283
3116
1689
2353
2397
3367
1256
1639
1527
2970
3603
1043
2212
2005
2234
515
412
354
2812
2265
848
567
503
3902
3629
2153
470
1183
2603
1207
2721
1189
3914
2918
2100
169
352
3138
3054
1304
2723
1904
3557
3298
3931
1119
221
2298
2735
187
245
1878
3831
929
2704
976
3272
1069
2039
3402
2997
2376
615
203
3243
3731
2836
199
2032
3389
3758
1784
2866
1485
3850
4017
1699
438
3115
1994
134
2995
1837
1613
2715
128
2877
374
1124
3474
385
2187
1059
3052
1651
1986
4071
697
2872
2627
3200
402
2134
2406
1446
1468
2556
2797
208
223
1165
3912
608
1434
4081
3774
564
3099
919
1021
1711
806
3585
2055
84
544
2601
393
2985
3809
584
1435
830
537
2638
872
1041
2560
3960
2360
1921
1652
2833
60
3769
2374
3743
1861
1190
2639
1072
1162
2984
1378
3448
2367
1738
3671
1263
2534
1437
1829
1926
574
3866
2164
2524
2031
1927
2861
1250
2476
1888
881
150
273
2343
3449
1347
3559
4028
3202
2673
2389
3423
588
2746
4021
2073
3519
3721
3297
3517
3279
1392
3705
947
2114
239
702
2773
792
1631
67
2798
2181
1340
3009
2465
2768
2821
747
1101
2598
1959
1501
1436
801
1167
1842
1902
1093
3787
3750
2439
3490
970
1442
891
2748
50
1233
373
967
3962
591
4086
154
131
3031
3232
3446
3510
2136
1505
367
3526
3885
3512
1201
909
3987
3974
2848
931
3385
1439
3870
886
2785
3192
1374
715
3119
2162
3244
513
1781
1819
795
1145
1078
2024
2393
478
1846
1445
2959
1947
924
3702
212
1006
1542
3692
2593
3167
1008
3241
4095
773
3453
3142
1375
2572
2501
316
1128
53
3565
3568
1608
2925
3777
2547
2341
222
2130
136
757
464
362
3088
866
982
2403
2917
3248
589
2502
2671
2929
2867
3997
1376
2655
2437
3044
1464
1361
283
450
2795
2378
1557
256
2946
1663
522
2035
2029
2511
860
2358
2740
295
3183
1014
3890
1094
1796
1931
110
2025
561
842
138
2058
3007
3796
2450
107
70
1969
3455
310
1953
3518
3005
2365
2987
2354
2183
51
1132
2563
2817
2470
2538
1443
2943
2
461
181
1216
2305
2444
3098
1826
2961
3545
104
3491
1387
2329
2336
3170
2147
3642
2217
2095
2092
1413
318
1461
661
821
195
3482
2364
3220
1044
3952
1481
788
3799
3553
3372
2494
2261
1800
1058
997
1396
592
1496
3737
1601
620
987
3155
122
1350
2141
2409
1369
2319
2910
1716
2828
2211
578
948
429
669
2159
1172
3970
2942
1579
3627
3175
1697
1327
3564
3520
274
1160
687
3893
2301
3851
458
3035
66
2913
1813
174
3363
619
2698
3173
1109
698
2926
3881
3217
1092
3473
672
1815
2220
818
2174
1736
2356
675
656
2610
2951
3788
3652
1509
1303
3991
1344
3461
609
2513
3124
1618
1382
3467
2591
2690
480
884
345
3437
1625
4018
674
649
3137
579
712
1086
325
1615
4056
1420
628
3377
242
1372
4036
607
3824
3861
2711
1546
2163
159
162
1588
594
598
3145
941
383
2351
3839
1064
587
3293
2066
1561
2170
2980
3029
1385
660
1912
4016
3422
1339
3130
2411
1096
3268
2626
2022
1873
1084
1052
2184
517
237
3827
1279
2311
488
1425
3460
2837
1956
1978
2957
1638
244
201
1225
960
933
3431
1482
3593
1067
3597
2814
3263
2981
358
2755
1412
1849
2991
398
3905
329
265
1209
3749
876
4012
1035
2629
202
614
165
3899
2770
1440
2468
3003
804
3351
1656
3168
995
476
2766
3865
1426
2573
3993
1739
3694
2998
1518
2013
133
4040
3631
707
824
3198
1798
2827
179
1606
2327
4088
3502
2989
3233
427
936
3977
377
3829
2210
440
2634
2606
2567
2630
3250
2044
723
1105
1252
541
1242
1220
719
3530
1524
473
2890
2247
292
4068
2876
2285
484
3161
3205
1508
2613
980
996
135
1513
2185
3812
2956
145
1371
785
71
1862
170
2869
1427
2803
2594
36
586
1876
1698
3976
3129
2146
1223
658
2201
2561
1025
3584
2586
808
3587
1693
3852
3693
21
645
955
4008
1880
1431
140
1886
650
4093
210
3948
1484
3117
910
298
2937
1887
449
2236
3578
1977
1565
3360
3842
3532
495
2152
2143
491
2339
3940
2252
4002
3169
1276
1389
2526
704
3451
1667
22
7
2874
1532
3
805
2314
4007
2903
1517
3365
1917
1424
4070
369
2020
1299
3445
3084
2352
17
2474
1857
1896
3916
2463
1583
1642
3566
852
3106
2441
1033
2732
3485
130
4063
113
690
1248
3023
2034
1333
137
1521
91
2128
1377
28
326
2420
1664
2332
2832
1550
3430
1710
446
763
1085
3354
171
2012
3586
1756
382
3002
1500
1696
953
3592
2116
2964
560
1971
1360
508
2904
2751
3408
2847
287
4023
705
3355
644
2355
2595
3343
2667
3404
1348
3265
100
1536
2790
1406
1590
3523
2552
1907
3882
1621
1936
3975
2738
2135
424
3179
2189
1874
3673
3344
2457
641
1794
3237
3110
1571
4022
765
3669
3304
1384
2994
2344
1103
2916
2399
2532
4039
1341
155
688
1405
3499
553
408
2275
2784
1055
3336
2331
330
3623
3255
2495
3724
4065
1612
1238
108
2551
1261
2568
1733
1328
479
2392
2059
1150
666
1379
3299
16
3081
3020
2308
2844
861
862
1633
2645
3755
1331
3164
2228
1940
2759
3567
1416
655
3386
2621
2570
259
605
3438
2550
3036
327
3242
4094
2050
2726
392
319
1523
2691
3903
3429
1049
31
2333
1466
563
2209
2576
3625
2506
1624
1895
1274
3211
1679
4057
3624
3615
25
2427
241
3287
2775
3065
3323
3150
193
3206
2089
2274
3261
1975
1538
1114
729
3573
2421
713
1448
1749
301
2398
1713
3246
724
1354
3674
3626
869
1305
151
2555
1746
3680
2485
3492
1574
2309
105
2834
1313
2330
1748
1944
3525
823
3257
375
3101
1023
1450
3656
336
3238
3953
3664
691
1011
3915
1338
1302
1265
2993
3374
1163
1832
1960
2988
2944
1530
3328
2402
1783
380
2046
3034
2460
647
540
3231
3146
475
686
3497
1534
1778
3945
430
2815
3736
3037
4076
1020
2176
1770
381
3262
2125
969
3216
3339
462
905
2720
1990
2725
1690
1456
1592
2286
2021
3764
1153
2284
2811
1024
2979
3734
1057
3689
399
103
2469
1196
99
637
1684
112
546
991
3955
3234
604
2518
2747
718
1785
2488
1398
1981
3784
3894
736
2663
1045
2017
1628
3013
2067
1314
1721
2845
227
1726
3122
2057
3982
3212
1337
1451
1065
963
2091
466
1915
3840
1285
2418
233
2118
1539
2401
3848
2596
1719
340
1080
2620
395
405
1015
627
1324
1790
125
2652
2692
2900
1204
163
291
3391
3318
1506
849
2901
3319
3537
4064
1037
1511
2264
3791
3744
332
3575
916
1659
1812
1807
1241
2244
4011
2324
1717
1619
2166
2318
2388
4
3506
582
873
471
1214
2731
1780
497
1042
1368
3040
420
2575
1215
2712
684
215
2781
290
3710
3008
4029
550
3804
1239
2582
1767
3635
1765
1818
3436