137
352
291
179
102
338
174
373
368
509
39
309
396
432
167
123
196
399
194
282
57
409
284
22
188
463
294
36
343
173
406
211
146
229
107
5
138
403
333
175
495
418
133
209
485
56
446
264
34
329
191
372
433
45
95
312
361
313
141
4
424
89
272
260
316
441
340
501
304
51
60
444
263
46
302
385
84
86
165
471
490
17
80
38
434
164
63
467
332
347
391
394
472
482
234
70
505
269
134
159
454
148
421
369
61
474
252
362
1
262
166
37
100
425
381
506
380
108
163
366
492
136
504
344
158
77
232
181
125
351
127
230
216
168
228
156
131
205
114
177
157
502
222
192
419
408
259
121
201
306
512
185
498
407
331
242
15
314
48
348
117
58
305
354
412
295
215
346
258
238
53
208
25
378
186
74
143
130
145
71
420
355
140
129
26
273
377
106
88
275
155
255
198
118
458
120
376
170
28
41
265
248
443
370
241
207
144
478
460
452
91
435
160
257
375
55
327
182
382
393
448
349
18
246
423
111
64
456
33
154
461
73
203
223
335
357
233
231
290
387
176
8
101
323
480
398
389
249
247
171
469
298
52
413
283
476
386
402
427
276
96
308
200
384
360
266
24
187
59
92
44
151
324
445
10
79
6
326
395
466
245
81
214
225
250
169
484
147
27
297
253
11
487
494
122
479
422
202
455
109
400
318
40
303
431
221
363
217
199
68
286
392
301
153
440
66
197
105
115
110
439
511
325
43
293
240
31
493
411
161
426
132
430
13
178
497
239
14
299
508
227
254
438
193
219
270
12
23
451
9
447
237
35
135
287
75
350
99
274
172
436
341
32
383
277
2
224
414
72
195
42
367
184
416
468
47
220
19
473
453
150
50
94
281
113
142
30
267
365
429
119
500
310
116
470
374
218
256
69
442
410
488
7
83
317
226
499
236
104
49
401
336
319
404
337
503
292
103
475
112
78
296
93
82
212
356
450
139
98
342
128
90
464
97
311
289
213
339
417
300
353
268
149
152
261
388
489
288
477
243
390
345
190
364
405
491
307
29
235
437
54
358
496
189
330
85
280
486
428
278
415
204
271
320
124
3
449
334
397
328
244
510
321
322
65
210
359
315
67
481
483
371
87
21
162
62
16
183
76
20
459
126
462
457
285
279
206
180
251
465
507
379