4193
5896
1712
1920
2282
4830
7408
6801
4427
3245
5234
2837
4774
640
4755
683
1978
2812
7503
3716
3795
1860
3509
3804
4188
7876
5488
3537
349
2426
190
6943
5633
5163
7117
4143
792
2452
6525
2683
4524
250
6808
6703
4319
7071
4497
2451
6746
4732
1509
1497
108
1271
7142
4262
2188
6346
4012
5760
2016
4701
5758
3626
1564
5857
606
2175
1122
5960
5315
7430
5429
1553
598
7643
927
6051
4141
7519
5416
7764
2483
6816
6344
3483
7409
1180
966
6065
6780
4723
2487
218
1056
291
381
5011
5482
5066
940
6061
4764
5589
6611
3450
3774
7634
519
2171
1216
7919
3034
54
329
298
3942
178
953
6612
4250
3369
1506
2236
2797
7056
1758
215
6725
7798
3123
1630
4443
2384
2409
748
5687
1906
5553
1808
6119
4965
3040
3266
7362
626
1240
3100
4983
6323
2416
5681
94
7112
7356
1529
5666
1995
5155
1331
814
2
2320
4596
314
4733
2776
5346
5195
4275
6928
3702
5995
4071
1264
7127
1077
6068
2915
6089
1514
5748
3526
6770
6954
1931
5417
2189
109
6044
7886
4643
3719
2970
945
2338
7666
5003
4514
7677
7618
7093
3645
7606
1051
6078
3944
6359
159
2557
963
3273
1088
4136
3128
8006
4037
2440
4969
6382
5022
7250
4408
3593
6779
4850
4123
3403
4557
3471
3204
1586
12
31
8059
1033
4047
242
5582
2989
7931
4621
384
6070
214
7857
7517
2860
889
4563
7297
2128
128
4973
7957
8173
2388
5940
8106
2458
2130
936
446
7712
3301
6544
5668
931
5067
4660
4156
1683
3763
6388
6955
1228
2767
5426
5985
101
5312
3959
7599
7862
2825
7858
2322
4737
6252
7697
7769
371
6373
4095
1698
3216
3503
4161
636
7958
2984
2504
7068
1948
2899
621
1058
7016
7263
3990
5957
6083
5552
668
891
4432
4865
5441
3199
60
2777
1078
4267
2644
7506
6380
3988
2693
2241
6488
7733
120
1366
771
8045
3506
8000
7561
2117
1634
593
2532
121
2289
6093
6066
934
6763
4003
3954
6049
4714
900
361
3785
3896
3048
6056
2946
3479
1245
1458
3219
1092
3378
2923
3604
1137
408
4662
5242
6731
1912
8191
4724
1885
888
5220
326
2588
6299
5822
1221
8060
264
2733
5751
6404
1480
4080
8104
1554
894
2352
3412
2389
5096
670
3367
3768
1503
589
908
2647
7380
3170
443
2531
3860
4978
4899
4768
1340
6855
2747
40
5064
5717
2490
5192
262
3027
394
4828
5147
7196
2191
812
7935
4822
7007
452
347
835
4124
3973
4092
6041
7398
2640
1524
3651
3929
5863
8075
1183
3352
2473
3760
6634
1187
8044
2143
8069
7676
1011
4396
3549
4592
5403
3203
1201
143
376
1976
41
715
4280
1655
853
1598
7696
1699
1313
6022
6314
7750
487
4494
3458
4937
2944
1212
501
4525
6031
4142
2623
5829
7976
3862
2328
6660
3197
7164
4887
773
1488
5381
6039
2967
4187
4429
2924
4255
4960
1508
8122
4591
2527
6487
2105
8166
7638
5098
7036
5070
2862
4748
4146
2945
6892
2327
2264
2312
1398
4098
5442
834
4493
1391
3966
6176
2121
3766
3143
6774
500
2304
2362
7253
2820
3683
3655
1016
1175
1935
6572
3374
6219
6396
5094
5116
6560
3347
1334
7145
4336
5284
85
6278
2355
5690
6627
3599
623
6679
5275
734
944
1117
6011
118
3620
1443
786
5392
6959
1591
2846
1439
2928
6814
7210
1041
833
5740
4289
5271
2102
2848
1887
6520
1679
2110
3008
6617
5640
3694
6026
2575
7801
4477
1044
5564
6037
1768
6157
3191
5753
1936
5664
5190
2024
7313
2664
5091
2731
5361
5406
3848
1298
5814
1485
558
5187
7321
258
6562
3827
3201
435
7205
5256
5920
5638
239
6283
5081
987
5186
7328
2705
988
6341
4730
1547
3288
671
3708
4788
4196
6549
2395
1153
7675
4112
5360
7728
7401
3310
6650
3709
7301
4852
2515
210
3524
6522
7192
2385
6326
5485
1430
7365
6480
2152
5616
522
3178
6651
4484
6040
3624
691
3162
3
7824
2712
2903
7680
1700
5157
7484
7399
4249
4877
2195
2057
308
2159
2259
859
4740
1843
3712
4466
2762
693
4564
7753
2410
6501
3560
4491
7930
5257
170
2632
4307
6416
5056
6195
1029
3136
5743
3465
7223
311
530
4372
2739
4971
5185
3693
3572
3498
3476
3544
4216
1489
4917
1964
4110
2641
3333
6751
4440
2875
1542
8145
2310
6331
1081
3835
189
279
4575
974
1127
8011
515
3090
628
6012
1671
4789
590
8147
3229
2897
2315
5835
5371
1113
4379
2149
7974
6020
7757
3115
4690
1932
3495
6418
4246
1810
8
5709
3276
2534
8033
2888
1895
871
5366
163
7111
2702
3267
2258
7032
1865
2572
8083
1171
7281
7128
1494
8001
4593
5137
7717
1933
2885
3815
8100
3705
4878
5511
6010
7116
4385
437
5303
4039
7182
6811
1311
5204
4251
1106
3328
5914
5571
5627
2506
6275
4062
3453
4074
4459
3207
5888
4318
2213
3514
2123
3392
2590
11
7535
7825
6282
6539
8067
744
1405
5644
1330
5907
7295
9
3404
4168
3720
5577
1378
8103
1804
3810
3098
4706
6825
340
3206
1785
4343
3906
5528
3657
5915
6284
3129
805
7208
3852
2830
103
1386
1697
377
7184
4309
7874
2407
4627
3057
3529
7557
3979
1737
876
4871
1826
4916
7681
44
5493
917
7804
3989
3109
7275
3726
2101
1290
2756
2948
1206
3443
55
6602
1243
7488
6170
2804
1908
6654
3003
2480
7169
251
445
7124
1232
3644
8099
3078
1907
7422
5101
6980
7844
3971
3948
1123
4340
8063
7978
7548
2098
6250
3399
1896
3508
1149
3054
5002
6556
5063
6893
989
3440
112
5026
2106
8141
2563
3838
6819
6757
3770
7811
6074
4650
8148
7414
3051
3721
1957
5614
1196
1436
4000
4053
1461
289
3137
3294
3423
1832
2249
4126
3174
4199
5100
3618
4972
4959
2569
2202
3415
8039
5741
5910
3313
2260
3246
3850
6473
5803
2448
151
2061
362
6254
3285
2594
3528
7616
3455
941
4547
1388
1098
3589
382
599
1588
6166
5678
1138
5836
2089
5268
6727
2935
1682
6631
5805
2934
2053
5512
6686
3477
6903
1114
5938
3424
1786
7988
890
7455
3200
1604
5651
1783
2371
1955
5476
3696
5372
7710
6902
3388
2456
6430
1454
3139
2145
6214
3007
4157
3122
7193
3841
7820
2235
2126
3927
7126
4779
2039
7150
2604
806
8151
391
5193
1560
1004
5895
7432
7106
2373
5464
87
5458
5282
4818
658
548
6202
185
5499
4296
3547
7921
4735
3814
6349
7648
7640
2336
7230
6657
3110
788
5738
299
1770
5524
4769
1607
5149
2120
2489
1650
5561
1377
6509
7656
3249
8080
476
2554
6239
7095
7524
1684
7993
5033
4832
3531
6642
6531
4864
4421
1541
2222
4033
2745
823
984
4950
243
7539
1646
4430
7632
3256
6944
4235
7318
6429
739
7566
7237
7658
3883
4107
365
1021
3577
4940
7441
6321
659
1251
4287
1133
1876
2307
6411
3963
7172
4558
7943
3083
4479
6153
1855
911
3986
1618
3706
2933
1309
5700
7968
4052
426
5503
2714
6302
3935
6317
34
3998
254
7610
248
7802
386
1800
804
3368
7738
7661
4220
2966
6714
4984
5710
6820
5019
6007
2076
451
5518
4922
5912
7469
2873
6293
7516
7283
22
852
2547
2893
3102
275
7684
633
1652
4083
1985
3401
3155
1448
2524
5676
2505
6576
2347
5667
4119
3053
2044
6726
4231
1898
6067
4131
2619
4781
4990
4872
93
3945
1628
5209
8117
6949
6724
7739
4639
4209
7667
7578
139
6272
6255
4994
6685
5974
1993
2763
872
3410
2802
3608
729
4237
7435
1032
1087
4526
6374
6167
3070
369
8114
3422
4648
3274
5015
2019
2183
1355
2007
1685
5884
2056
697
4858
7900
1392
6723
7073
566
975
4332
2399
6435
5079
4293
6961
6124
3751
1842
2153
1210
2116
7004
8036
1848
5963
2302
687
5560
6080
3798
4075
3447
502
7037
1358
2012
2738
4554
5373
3730
6200
1534
259
511
4449
6906
5428
4782
1857
1888
3542
4605
2612
4423
929
6216
847
1798
3677
6609
4258
1979
2796
4492
3492
7244
7130
2381
4167
7780
6387
6752
4873
1983
1397
5931
5328
5628
7946
1045
559
5852
3540
1062
3005
1255
7072
51
3936
7699
1419
7722
1710
2998
6713
5399
8092
4464
7336
1806
4254
7794
1072
1139
6516
5106
6976
5637
4599
2726
3359
7848
7489
2895
2913
6848
3615
5585
5958
4010
7226
3587
5036
5663
6076
1921
631
2179
1208
848
533
6829
7042
4544
4478
692
1910
7662
708
616
1752
1913
6434
816
1154
7271
5788
3474
6550
4165
6161
6258
5217
4671
6628
4393
402
2163
1777
4947
1182
495
7834
7360
3485
6115
5726
5516
5521
6335
4920
2690
2570
7021
4681
2983
5874
5991
5383
1239
2030
1325
6460
1915
7939
348
2843
2075
6790
50
608
5565
6858
7345
3911
7745
5142
2780
5134
2942
1223
316
4170
4560
6479
8050
7691
4323
4279
307
7426
5365
4533
1613
169
2084
728
5970
138
4488
4566
1347
6705
7559
4172
7496
6155
1326
7941
782
2127
4904
482
7122
914
3752
4321
4342
6630
6529
4014
2119
5028
3803
2901
7583
5933
4386
1701
1009
4029
7991
5983
6797
5843
2503
5533
6914
2231
4786
7565
464
4384
1387
546
7628
7239
2695
1319
1426
1402
290
2613
6090
126
7388
2902
1141
1188
7000
1382
2728
6992
5448
3010
3588
4114
2170
8090
1726
620
4603
2048
2965
2685
7102
116
2890
995
7622
7258
1203
1903
3124
1883
5299
906
2542
7917
574
1901
5576
6675
1119
2688
2652
1728
3510
4044
422
2754
2398
7829
7065
5055
46
4063
6162
4767
4171
4934
2522
3661
4266
849
2186
6857
6417
7041
6994
1194
2832
6063
4268
499
4817
4623
6360
3371
4128
1034
100
3646
5661
3335
3816
3532
5786
1135
5728
4630
686
6932
5872
707
1687
7669
7418
2656
4182
584
6298
1482
4465
7605
1186
5600
1695
3166
5588
3916
2252
2648
3899
6670
5375
5612
6831
6211
6623
5660
1782
7458
4345
6578
5544
7572
2097
6454
6467
5575
5495
7984
2856
3332
6300
3912
5385
3758
6100
2719
6786
3283
1552
5248
4505
7167
7179
1551
7456
70
3015
8192
1578
301
7255
4840
8047
1779
2606
1923
6242
3813
838
2810
5929
2578
127
7564
990
3298
870
2971
6126
6849
5378
2737
3616
52
5501
5514
5629
7765
2882
7147
2639
938
916
7723
7155
1424
6937
3522
6184
7379
6013
2546
1571
6223
7899
3653
7209
4927
1211
4874
1961
4932
4470
3074
3578
4811
6649
140
3045
4180
341
4924
7573
6368
2707
2217
1126
4636
7594
6088
2540
6084
5301
865
5103
3300
5688
2517
925
2770
1475
892
3534
6112
3157
1294
4445
3084
5891
1538
324
5693
6014
6194
2805
4688
8013
4863
2920
5054
5955
7877
5680
7770
3089
8107
1063
5320
6842
5692
6464
3558
2760
4026
3516
440
7367
1235
3261
2455
4224
7265
2543
2947
8062
8086
1811
5159
5617
479
2404
456
4303
2720
4164
3887
6140
2676
1576
7604
3116
2831
5579
5388
1213
3081
4583
2502
1241
3690
2459
1132
6999
4406
2787
2550
21
4982
1623
7278
136
7611
554
547
7962
4013
5981
6342
3321
5591
7361
1599
2436
1267
5269
6840
7415
73
1455
3103
613
7251
7597
2822
6313
6527
3186
7227
6105
7497
2099
65
4659
6810
4573
5084
2835
168
4992
2154
2955
7395
221
1279
3584
3565
7404
643
2982
6870
5849
7719
5774
3688
2205
2001
5000
5229
7229
4996
310
3164
6139
4351
4810
2954
3226
7718
8108
2792
7888
6682
3205
2216
3413
3789
206
6813
6598
4719
5356
1771
5926
33
5333
3481
7082
5380
832
887
6701
7434
6401
3641
2178
6591
6144
1720
1629
1827
5344
2878
4358
6455
3366
7542
866
5900
5745
669
2845
2950
6363
1692
3250
4694
5925
1112
5837
7595
3009
1144
3806
2308
2052
5558
1433
6907
4111
1536
1026
5674
928
5596
5865
7460
2223
1754
4373
3701
1570
5432
3820
2292
2414
6248
7909
2665
3561
6878
7639
5619
4241
4356
5274
2988
1930
5323
7878
6271
5040
48
6637
4853
4149
5178
1083
505
4025
1735
3132
7180
3746
2375
2494
457
4117
88
7851
1956
2027
3220
4667
5449
4349
6383
7417
6372
1526
5023
3700
6185
3594
2475
2165
3467
7368
2943
3567
3865
6309
5414
3663
1396
38
1329
4589
862
3854
2857
5018
6355
1513
5845
6586
4155
5948
924
4077
2045
6879
406
5161
4808
5440
1067
7631
1824
8176
1523
6394
7950
3704
7715
1719
3111
5954
3868
4857
7323
5093
2136
7922
5868
6972
4458
4213
4298
3563
1079
4369
7576
1038
1721
7302
5866
1600
3817
6132
2734
7017
2610
3014
58
2460
3949
3629
2303
7266
2815
5583
1084
1238
3159
4247
1406
3185
1390
4284
5343
201
7165
4860
2284
8002
4961
1181
7816
240
7394
5975
7445
6839
919
2529
2497
3192
1310
688
7969
4861
2591
2553
7927
2138
7551
257
5133
6131
7655
7603
6320
2203
784
535
7097
1236
4312
1333
7190
8023
649
6485
1270
1845
2228
3421
4158
2602
811
1291
78
1316
2684
5461
1548
3434
8156
3676
6004
1027
6180
6922
4208
5930
857
6803
7584
3384
4297
3946
5966
2042
6640
7243
117
3247
3287
2068
726
5570
4400
7532
2402
3194
3439
7347
3521
2265
7953
3372
4178
4204
642
5031
7830
5206
2660
5146
5172
7064
4750
5446
4096
7115
6209
6400
7964
7181
5294
1668
4135
1441
4754
3717
5716
1590
6229
3728
6186
3833
2036
581
6036
4604
6164
6206
756
4574
2477
7637
7224
2073
5510
4495
2009
6823
7859
7235
5861
6787
2495
5763
5221
923
3016
4253
2791
5922
677
1342
7945
4995
5746
5994
292
6677
3947
1545
3302
4311
5491
564
7774
2011
2638
5037
1953
2674
880
2343
4359
2275
8064
7270
3270
7262
902
2361
5041
5603
6791
7791
1005
6503
1893
3659
4217
7277
5337
7959
2357
4958
3121
6621
6925
7294
7485
1007
300
1465
6564
5114
24
5864
6159
5945
5682
817
5001
2033
2576
288
3885
7006
907
7389
8057
3873
2818
881
4291
6146
416
2008
343
56
5840
5169
3442
4710
7475
8043
1303
1400
3957
769
1061
6809
2277
6736
3597
6573
8048
7970
8051
1892
4145
7310
1001
4976
3104
4545
8136
1944
8174
7410
783
1150
8014
5243
2541
2621
7841
5376
1304
2393
2207
506
7139
1707
2353
7231
5162
6524
1501
4363
826
4618
5419
5781
552
1327
6343
1296
3897
1460
791
4910
1897
8113
7104
2108
4055
6410
3727
8159
2445
2493
7787
1802
3459
3934
930
8019
3362
5286
5264
3606
3004
1324
1477
2325
6541
615
5780
2013
6707
6328
2681
7381
1491
4004
5878
4295
7601
1136
336
7727
986
7248
3533
1660
5877
4911
16
1413
2370
743
2240
7609
5326
7421
1819
6468
1177
4741
7433
2111
2247
4264
1272
1947
1152
3905
3331
5436
723
662
6439
5374
2028
5331
779
3724
1401
5833
7621
4058
7091
6369
2894
846
5599
6689
2678
6237
7332
3825
5111
5838
448
3715
1813
3491
3158
1949
152
6873
294
2476
6968
5965
4503
7236
6663
1859
1969
7932
4668
1189
8181
6303
3557
4609
3605
6856
1793
7892
4966
241
3193
617
3919
7778
3420
5347
7865
7925
7614
1278
6125
6336
4174
5873
7828
3114
2544
6015
1622
6471
6446
3066
410
7792
2401
5370
5139
5321
135
5820
5712
6306
810
2993
244
543
2869
531
1496
4933
1202
3228
6683
7062
107
2628
6574
4794
2673
5750
7980
5969
802
1089
7815
4101
645
7146
1403
6453
7077
4405
7998
1772
1759
3541
418
6002
2492
7617
3656
1172
4353
1610
2672
7225
5548
462
4555
7369
2481
6034
411
5136
2844
7386
2865
4109
6960
949
1093
3354
2185
4151
1025
4675
1359
7737
74
32
7473
2442
4043
27
4633
2491
4374
6220
233
2146
4956
6493
4030
4195
508
5408
5433
2866
1335
5024
4727
7061
3218
153
337
4734
5648
3171
2176
3794
177
6358
5424
7509
7439
5572
4661
4415
4837
1890
5140
933
3448
3217
3611
7228
7761
6173
2717
3632
5562
82
2755
6760
5557
5964
6048
8164
5962
4474
282
321
5316
6876
330
4875
450
1305
6942
8096
4399
472
4844
6134
7454
7353
611
3761
7624
901
4594
2538
807
3281
2509
2094
1318
680
3575
3569
263
2555
3356
6772
7657
306
7046
467
4797
3864
2444
2087
7845
3345
1283
6449
2438
5121
7982
5657
5559
2323
4576
3326
5545
6569
2309
3451
1952
4486
4461
5077
2850
3750
6038
3787
7843
868
3625
2858
59
4285
6027
7560
7526
5987
2237
3857
3232
7075
4302
3290
461
3061
8175
6584
6420
379
5443
6402
1942
948
639
7630
53
1877
7352
2761
284
6364
5276
1880
7629
3342
5854
3296
3799
6117
7914
2360
3546
7582
105
3566
6028
5444
5158
4898
3072
7175
3965
7918
4508
5677
3101
3069
8042
6179
2769
1288
2155
4926
6240
1257
4176
4803
3293
1732
3087
3167
296
3880
4056
6050
716
4424
596
1718
4731
6830
6204
4152
2936
2182
5329
2636
6030
1505
3475
836
6163
2341
5815
4365
3853
1015
2696
273
3429
5959
3754
8189
1277
196
5797
6761
7960
7289
3681
3559
513
7759
5389
6224
1794
4977
903
4070
3214
2758
1635
1972
6513
2408
7949
1647
650
6852
2192
5653
3149
6799
4361
706
458
4906
7296
5154
4597
1550
1741
175
5350
3000
297
1364
5887
5832
5305
3652
4773
4381
4614
996
7955
6755
3692
231
2597
7087
7039
352
6888
7051
5087
2631
3381
3623
524
1411
6441
2774
1444
7543
1833
3999
4588
5754
3607
4896
7818
380
6659
1809
2054
7569
4720
1958
7385
6985
2257
280
5768
2752
2650
2279
2892
5902
4278
6998
7437
6234
6247
4160
7261
4428
6137
4587
3435
5007
3050
904
3922
4585
7079
3786
897
5718
1882
6187
3543
5463
7259
265
5412
6290
3325
8132
1107
776
3660
7812
5580
4442
2709
4344
735
2457
5132
1659
4085
4194
585
2675
1357
7671
3940
3131
1131
247
7407
5085
7682
602
6872
5986
7131
6639
6750
6845
6129
4814
4242
4482
1583
3818
4490
7615
4549
5941
3395
4751
4150
5127
6367
2382
3718
7354
6941
3809
5283
4854
7462
4229
710
1076
2909
5952
957
5004
2643
6555
4674
8127
5272
1
4316
2699
4745
1492
6329
4851
6269
2622
5074
2634
395
1128
1442
3923
3330
400
3839
761
1709
3856
1840
2566
2400
3272
2281
2387
719
5885
2234
618
7587
3286
3951
2937
747
4790
737
7869
2298
4116
926
5650
4629
3135
5817
5978
2827
5858
1962
3938
6365
5672
1981
1486
199
6289
6951
4770
5128
858
6913
2981
6597
6227
6995
4325
6753
5397
7928
174
7567
7363
5062
3063
5368
632
2072
6891
912
1409
7689
1749
172
7855
3972
6812
6116
813
7540
869
1394
1178
5610
1572
2067
1351
2646
2239
7916
6059
7692
7766
5053
69
3092
2041
5189
4884
2841
6874
1115
3097
4329
5879
7784
664
2209
1643
3397
2771
5791
1673
7513
4252
6308
896
5698
7856
5777
6047
6558
7790
6353
2142
3851
4473
6273
4002
4067
1118
1230
6542
952
3355
7571
6203
2242
609
6136
7861
2122
246
478
3791
5345
4802
1512
3821
4725
1219
6996
1361
2100
5607
3075
831
5010
1142
6566
7805
5541
317
5082
318
4628
6824
7391
3411
5731
2342
4645
5899
3931
666
970
6754
7053
4515
3444
5469
2173
1789
2633
4520
3107
3900
403
1511
4069
285
3519
4227
3144
2786
1815
5280
7895
6518
6498
7508
3118
4019
5526
1094
7333
2821
6636
3436
1246
6371
6833
1787
1315
1179
3169
1474
5904
5184
1199
968
4243
6230
3981
6268
1332
537
6221
4529
3689
4050
6277
4931
1943
7378
4239
3956
5967
332
7400
2295
4999
5012
7299
10
3855
1022
557
3710
6764
3878
878
7066
2198
597
8052
4412
5662
2161
6339
5937
1308
2788
1751
775
6175
226
2539
1059
397
4433
5686
6291
1193
2883
2333
7659
8135
5736
1767
7063
6740
4762
459
15
71
4819
474
3714
6530
7329
227
7646
2908
4546
962
7144
4578
7514
5984
4975
4834
5917
3621
5292
815
6193
4647
4498
2999
6086
2991
1836
5058
2083
7084
5151
475
5794
3765
5847
1320
7952
2134
6966
6347
2305
7482
3505
3581
711
7716
820
2813
7747
421
4059
5457
1263
7390
4084
3452
2526
6543
3020
851
5554
3648
5322
4970
8179
4016
81
2618
4689
5890
6118
7827
1158
92
194
2525
3346
3227
4565
3711
3306
3472
1365
5860
2140
4559
3881
3019
2378
797
7642
5129
7327
3295
477
6789
3043
2332
5456
213
4813
5405
3446
6390
7480
5042
1596
2180
3163
2655
7773
4905
6624
7553
571
1922
7866
5950
4981
1757
4809
3722
6285
6091
7157
1624
6674
6232
7370
4743
1057
7010
2977
7975
4607
7232
4186
5951
512
6060
4968
1831
2927
1362
2748
6687
4305
6510
7768
4451
3142
5212
5387
7785
4041
5659
442
4513
3741
1717
6114
6718
6947
8008
3385
4586
4718
7335
2377
5804
6575
7635
1740
1573
2782
582
6143
1795
5538
3427
4082
2803
4282
7174
4608
7158
6917
5194
5540
7702
2627
7403
6506
4065
6600
7809
542
5671
1372
6469
2040
7001
3391
4760
4523
7620
2828
673
1924
6281
2626
345
781
119
6567
5304
2288
1060
3478
850
6265
4957
6678
132
5401
8153
5705
7721
6338
4366
1490
6923
6776
3150
2246
844
5431
7477
6057
4543
1998
3154
7700
7563
3396
7326
7706
357
5473
225
7849
5170
6977
6121
4330
800
661
1427
1036
8010
2421
2139
6082
5201
2840
5483
1074
1204
1280
5734
1287
705
8184
6440
4610
2088
4335
5881
8125
6241
1733
579
2958
8081
353
2629
7929
978
2299
1159
1214
8143
6099
4903
1781
5061
4129
2060
7518
4277
7783
1082
6478
2190
6535
8131
763
3022
427
7176
6577
6181
3030
2864
5921
429
3239
5567
8183
732
6846
965
3490
7754
6054
3891
1661
1253
6585
8129
6032
5800
1742
5546
6481
3500
3244
2940
545
4313
5219
1055
5689
4147
690
5773
3140
6759
6680
6452
5340
4679
964
2496
2133
6470
3695
219
4355
4653
7438
2548
6457
6741
6370
1641
6024
1066
7987
5525
8073
7799
1108
7273
7320
3082
498
4883
5798
3260
2625
3915
2470
3884
1914
4827
5813
4020
5595
6615
5529
2976
6236
7627
5622
1975
2266
2615
6693
4807
5472
3327
3251
4907
4455
5701
3006
7672
6782
5497
8031
2889
2704
1676
8186
3165
3610
7057
309
656
7305
5824
1068
7577
2283
6581
4952
2318
7808
6773
7883
2467
1371
3507
2339
3858
5643
2854
2297
7375
7854
3383
8035
1850
392
3449
2580
6288
2680
5819
6177
2666
1805
4198
3842
7758
7099
5046
6815
2129
5027
6062
7891
4104
7194
7338
6433
1565
2910
3271
7678
1828
977
1147
6715
5742
3091
7521
6696
5597
2023
3609
7444
4785
7324
6098
2187
4845
4571
3699
5200
2300
6991
1408
1745
1449
5247
6638
4452
7679
3680
4370
6945
6596
694
7490
6253
5319
390
5654
8077
2405
7286
5423
3975
7113
4530
4612
6946
6908
4909
4692
1766
6189
6988
6257
918
1225
1589
7309
184
2417
1567
1284
405
2270
6438
8162
6648
6415
5245
8098
414
3812
6508
1633
1651
1010
742
1184
7704
1716
2741
5006
7530
49
2798
2379
752
5107
4772
7034
2511
586
4121
2049
4703
3064
532
433
6894
2420
2200
4687
7287
6142
7934
3518
5584
6168
8112
4132
2271
5655
4914
2080
1384
3426
5314
5241
5522
5177
7493
4166
4746
4889
1323
3513
5454
3002
4812
1861
1456
2151
5901
3322
2430
619
3895
4641
1929
5232
2021
4310
1143
3538
3576
3382
8115
4
7837
910
5618
2960
6552
4265
4716
1839
5131
7003
333
2196
6653
6616
3729
6798
303
7096
5325
2886
4183
2022
2419
7996
1367
223
5199
2047
5870
2269
4339
6605
7246
5342
5262
3433
863
7663
6340
6128
2559
7875
5354
4352
2519
6515
5927
4838
4634
1537
4411
129
1516
8111
2232
4211
4153
4127
4793
1889
7101
6381
5474
5293
4334
2956
144
8055
6397
3926
7303
2586
7272
5459
3811
1665
1163
7814
5799
388
7705
2107
5608
7740
3686
7673
5222
5500
1525
6330
3679
6884
7523
5924
2306
4368
1626
5016
1046
2833
1556
6795
106
8095
1559
5072
2616
4048
2254
6599
8118
2661
1966
6465
720
8084
335
5266
7511
6072
5730
7911
5979
4826
8030
3262
5563
1030
4713
6821
3595
2852
4795
2000
2521
8029
7334
4528
2784
6160
6486
1247
3969
4635
1864
5859
322
5150
7890
6504
7989
1191
110
5224
4398
286
7086
5065
2855
946
7449
6190
6910
5260
7726
2273
2677
2431
1645
5450
8133
4435
4403
6428
268
5237
6244
5404
4512
2214
7501
536
8149
8142
2922
202
3967
2204
4715
1986
5990
4222
8053
2427
2905
3742
2736
8124
6681
4895
302
2711
5909
7556
6476
5625
4375
7033
1157
7507
5802
551
3279
3210
2118
7481
1938
6737
5228
113
885
1269
6021
2286
7187
2446
6376
7762
319
183
323
4518
7103
1989
6745
5697
2765
7555
7864
1644
5943
460
704
3484
7371
6608
696
2917
2255
5810
7963
6769
2038
3373
7024
3601
102
2380
3515
774
6333
2311
1148
2406
3364
2453
1346
731
4184
6561
1064
6618
1566
62
4900
5828
4882
8119
7374
4038
5535
780
3278
5704
3202
4144
2439
5713
7156
3032
4081
7880
1275
570
7119
1711
4148
2876
1410
5398
4271
6183
1960
2392
5699
7206
3235
6385
4700
5104
6151
2951
4416
4510
2169
3673
4670
7897
212
4005
567
5581
1370
1192
436
4721
1261
4717
1744
3622
3052
5210
3617
4476
6744
821
7300
1984
1019
7847
3482
4836
4829
7690
7274
3432
439
6169
7107
667
2037
4395
5452
5017
2316
1312
4682
4693
753
2317
2859
6625
3917
7649
2344
4401
6909
695
4843
4215
913
7090
637
2006
750
5451
3024
1374
6739
4684
2082
6684
5246
4835
5898
2184
6489
5999
6867
5542
1773
6604
5875
8146
7200
5124
7088
3145
713
5842
7214
4620
3315
2571
7694
1124
1166
3697
7990
4613
1677
6850
5369
625
7425
2396
4963
3834
2125
627
3499
2113
1121
7047
2435
6784
2658
1713
1286
5393
6583
1363
717
5165
2775
4991
6762
5976
6407
1042
2823
1129
3977
7242
1688
5379
4051
3687
8009
3777
8167
2104
3211
6881
5795
4179
4462
5073
3357
993
5475
3379
6458
5052
2759
3633
4133
4846
7304
7850
6357
8170
665
6559
6641
837
6722
4651
2987
3417
7405
5775
4521
7183
5435
5647
4122
5421
1195
7463
3552
7852
958
8034
4534
6188
5792
7579
197
5851
7163
7264
4181
754
7052
4758
4472
6929
5341
5318
955
470
795
3571
6965
6720
2887
4570
1520
3987
7314
5213
1689
6866
7752
2324
7512
4402
864
5467
655
1226
3151
6646
7387
939
7894
3985
5486
5175
2479
2348
3932
238
471
8087
8154
180
3886
8163
43
6551
951
7483
430
5961
4657
7683
7668
3212
7545
4870
6851
653
8155
1273
3983
6058
7291
3405
5030
72
5043
5496
4027
1531
8056
6997
2443
1761
7085
1104
6691
521
2697
7279
7267
4709
3797
6734
973
7247
5670
2842
1871
751
1540
131
6029
1937
4078
3183
4248
5942
5906
7154
4550
2764
6297
1911
4106
1609
4257
1801
2294
935
689
3585
2193
5434
1849
2607
746
2262
57
6538
4391
220
5919
5049
4032
943
7885
583
5455
4791
5367
5867
3925
3172
789
2224
1627
3253
5092
7392
4263
3590
1549
3843
5288
3023
3188
6391
3497
5125
4200
428
3955
2914
7505
2725
1145
600
2549
6708
6962
6270
4842
1574
4232
7134
6110
18
7288
7748
2729
5523
7011
3494
6629
6603
6652
2807
3756
2884
2871
5785
6827
4683
191
3793
3736
684
7494
5289
3918
1729
7451
6456
647
4595
1209
1617
5068
1625
6150
3017
3638
4537
2026
7233
5946
5549
1535
5759
1748
4489
4420
7520
1268
2599
7872
3845
2335
3466
4322
1120
796
6742
7775
1289
2941
5265
4749
7372
3550
3291
4414
1940
6393
4060
2403
4780
6425
4989
5167
8037
745
4577
961
1274
463
6156
3684
3305
767
7554
2931
4064
6911
8169
1052
5351
4967
5009
560
7133
5071
6395
3780
432
539
1886
1307
6106
2980
1468
1080
8091
6523
4438
7871
1008
4389
7089
2137
757
1522
1666
1996
4698
4108
2331
4441
483
4090
1686
7135
6626
4867
7528
4691
6904
7992
3021
4665
1185
4980
4800
1151
4517
4581
3778
7926
1233
7724
193
6963
1638
2949
3489
3501
4028
5279
4763
4739
253
5652
1499
6826
8022
6644
1493
7191
4346
4601
4294
4617
4913
5277
2853
2227
6656
167
4228
6379
2208
4431
7709
8157
4888
6588
6756
3036
2050
97
3282
3400
4519
5547
5029
1006
6970
5013
7653
6055
4371
327
1823
4205
2978
5658
287
6785
572
7316
1762
5505
4825
6259
1450
5853
6610
3869
5386
5883
6844
1167
7807
4707
5988
4469
1471
4522
3790
6582
2485
5334
2773
122
575
4261
884
4897
768
7
7201
4986
2790
6712
3393
1595
845
6280
7527
3892
4407
7749
3909
1702
25
3744
6348
6101
5108
759
4499
3776
1466
6165
5997
6345
5105
979
7714
6403
4409
8138
165
2423
1416
724
2861
2654
1763
3819
3647
5468
350
6595
6729
6461
562
237
2516
629
4496
972
2397
6546
7049
5531
8003
2296
7207
166
6120
3573
4076
573
2358
755
4551
3775
3796
7695
6738
5290
4928
3221
5208
1539
2906
5757
6261
5729
338
2603
6483
4912
2995
4778
3933
1990
2793
7842
3461
6316
8139
7906
5551
114
1173
5263
6205
7744
5609
1250
5297
1404
7447
1621
6993
6987
7252
6975
4542
47
2364
5953
6512
8152
20
4362
489
4021
76
7092
3231
2896
4001
465
4436
4869
829
7741
3225
7797
6017
6463
1013
3209
4057
2091
5353
7217
1381
6172
270
3437
6767
6210
3268
4341
5060
6019
1982
3539
7471
2466
2201
3187
5281
580
7839
6398
7023
6817
2468
228
5362
7479
6122
7592
1352
5586
3913
3108
6864
3445
5821
4378
3512
7994
4988
2817
4652
5527
6073
3635
7997
2718
6233
5856
5307
577
2501
7359
8182
2263
6521
3259
960
3908
1584
6378
5218
5989
2349
7188
2058
2746
8079
2589
2221
2877
8168
4481
6699
1170
5841
6606
2536
3408
6426
2194
1532
7693
7211
5197
3889
1200
4792
3275
3049
6792
2096
4383
2585
5089
3096
2488
5148
5047
7846
4962
2474
7756
1237
4908
4288
466
4527
7215
1690
6889
4426
6919
8068
4301
3930
1743
7307
5721
6443
1663
4380
1851
5357
4103
5
7720
2507
4664
7860
6389
6794
5465
4225
4273
2582
5352
2319
2601
994
3361
6003
527
5908
7644
7940
937
6362
3365
5090
4009
7525
7979
4777
2432
6935
5826
4855
7222
2065
855
6924
1760
7732
3480
3568
7160
4569
5694
3215
778
162
4568
4501
5620
7515
5916
682
5278
6251
3619
5390
7896
216
2975
1608
6104
517
3113
3456
3184
5152
3175
6990
1662
5539
4306
5130
6327
4553
2268
2839
6484
7772
393
2620
1495
146
4054
4890
187
3414
5050
4744
4404
1065
3011
3329
1437
7470
6853
4631
7821
1262
803
7143
5796
7018
195
5180
6666
2642
5120
6804
1807
7161
4611
2687
3634
5767
6920
1619
96
1927
3454
378
3265
4923
2447
3992
5166
5439
3349
2781
1642
6613
3939
2424
4942
2870
6883
7349
1017
5038
6492
7961
2278
5327
4752
4943
5145
592
2314
5481
7544
3978
7120
1484
7337
2645
6974
1517
5771
3553
5601
425
328
2472
1373
491
7346
3738
3914
3691
4300
2081
4061
3665
5164
2698
2340
3350
2233
3654
3001
7298
5339
154
6697
7054
6450
7915
6958
4417
6201
2806
6730
6765
2919
3614
3898
7219
484
5624
6103
7114
2168
4137
8171
3264
7171
4471
6215
1344
1875
1069
5807
578
2334
2433
2533
267
947
4728
7742
5291
6732
8144
1579
1796
4672
7853
2682
6887
3545
3994
727
3099
4756
4880
4632
1821
7633
1479
5755
6141
4046
5438
3961
6154
6971
4816
1884
614
2478
5683
5778
998
6356
19
1420
1562
3991
1383
2637
6408
7550
6835
679
2723
278
4448
3767
4219
1125
991
412
5703
7015
3407
5935
6735
272
1155
161
234
4708
1592
4541
2863
6436
822
37
5587
5244
125
1561
2454
1190
3370
3025
5317
6805
638
7341
6802
5566
2592
6807
7674
366
1407
7342
6422
5606
1453
3317
6886
2051
932
3631
2422
5230
6901
3243
5413
1521
7070
83
5613
2218
1306
5831
4820
5632
389
3630
181
7257
6973
1858
2212
4086
6788
5892
8027
3637
207
6405
4240
3068
6033
5889
5509
1917
702
4974
3398
3997
2010
423
145
4987
415
7076
2868
5968
407
2484
3319
1451
6832
1039
5675
3304
3980
3309
5702
7730
6721
2713
7999
1265
6579
4236
4787
1756
3418
468
3431
3441
3826
4299
1881
4824
1321
6719
3732
861
839
8093
1301
819
6568
4457
5626
6885
3088
6547
7202
5462
4915
156
4105
4023
6915
3517
5479
4644
2757
1028
2365
3095
7241
8116
3822
1160
5869
1472
3065
1162
2413
1317
4286
1207
5034
6843
4801
488
3013
2701
5646
3161
1502
603
3832
4177
4704
6217
5977
5095
23
5808
3473
5490
171
3127
2243
1014
1169
5996
4656
699
419
3837
1100
7796
5635
6671
6593
3773
4350
4115
5669
3867
3125
7575
3703
2560
5573
5846
1469
3213
1519
293
4848
3487
4938
5555
2063
7495
4532
6700
2766
7522
1037
7013
5394
3759
2157
5732
5198
7322
6938
5097
5267
5764
4856
2730
2090
6386
6982
1835
5302
7413
3241
4726
7908
5855
3358
7967
5188
4480
3650
5569
385
6462
7625
7005
2150
2469
204
6676
893
2032
3430
3026
1218
5223
1343
5602
8178
1293
6672
898
3406
3995
4509
3240
1585
4467
6423
3678
1229
8120
8102
1197
1350
874
1339
4460
7504
3337
4272
4677
7256
1904
2267
8187
5179
2226
4024
1967
6279
7325
2953
3733
7593
2990
4397
2059
7035
8089
709
2581
3603
5749
2979
7028
3173
7212
6123
2251
2556
1941
3591
999
5623
842
3920
700
5880
305
6702
5310
3460
538
2167
7074
2015
3876
3181
4045
6412
3198
3846
1818
7904
2808
331
2735
4206
217
1099
434
86
7105
7826
1847
6778
3870
1140
2434
6511
186
622
1435
3748
867
3893
5772
6869
4244
4935
3871
2329
4140
2785
6592
4697
3894
7416
7725
5384
8065
4747
5504
2778
3182
942
3234
507
6199
6138
7867
6375
6658
641
764
3807
3640
6635
3269
8005
2029
2662
6351
4290
4338
4598
6334
1220
6432
6554
6085
6312
232
2079
1853
1730
1254
3707
453
1110
2330
4766
2366
2768
6243
7446
3133
2898
2561
5088
5174
3035
5982
399
7499
2986
7707
6871
4138
4364
2043
5711
4283
2617
1380
3223
2035
142
1432
5489
6264
5447
1640
7687
6361
2963
4230
6046
6437
3299
1945
480
7913
6035
4125
3658
3058
503
1750
7350
7138
3745
2867
35
3943
164
5706
2881
4642
6472
1925
1899
5008
4649
182
2135
3340
4218
80
4011
7069
6444
4270
5308
561
2093
3363
7533
4035
5112
5048
7402
8137
777
6318
2789
1102
1476
7058
635
3130
6540
7803
4753
3737
1874
4134
2740
1837
7623
1667
370
4392
444
6310
7467
1916
5980
4616
5044
6898
6366
5215
3824
6409
1755
147
6796
3308
6266
8066
7664
3176
5471
5494
1422
1654
383
1731
188
8172
8076
510
7317
7269
1000
4328
595
2838
454
7789
5126
992
4238
4185
3875
6952
733
5725
3180
4901
967
3628
3238
2055
3079
2608
3042
7898
5761
5762
5425
8097
192
6854
6023
7486
4702
198
4468
2199
3402
2743
295
6235
4439
8061
2245
856
2386
1928
1260
6580
211
7311
3318
3910
4946
5080
4210
740
1557
5827
3555
6213
8085
3849
7819
5649
64
5255
6502
1597
6865
5453
5593
7129
4159
3316
2077
5182
7954
824
5249
6249
3863
6749
5848
5349
4539
5250
4993
6495
4868
8038
3982
7531
6688
4699
4761
6728
2156
793
6212
4207
7736
6690
2031
6877
587
1569
4678
7431
261
2742
1434
5715
3257
7771
5118
5707
6001
6818
3602
1714
6053
5911
1518
1946
334
7348
6536
7474
2630
3438
3976
7427
6445
6377
5615
1222
6071
1987
2558
985
5057
540
843
5722
2847
2287
494
8040
6668
565
7598
2510
2229
6174
2465
7534
7942
2635
3152
4214
3041
5656
325
2034
3189
6692
1328
6747
5679
1739
7947
1675
364
2486
7708
2911
2744
1587
1345
2587
134
4008
630
3343
3252
7436
3802
313
2274
7083
6570
7166
509
6868
3764
3562
4419
7428
1242
3156
610
518
4099
2346
7199
6706
1834
8046
7647
7589
6301
249
2751
2689
7080
1708
760
1452
3586
1429
5332
1568
8180
7100
7382
1703
7450
4066
1487
5227
6622
5298
4929
7782
2148
4191
2750
7185
8026
1790
5708
7562
2369
6505
5171
3060
2290
1091
6930
7204
2974
4885
2046
1050
3600
7788
7907
4390
516
8190
6064
5720
3120
1389
7795
5032
8128
3323
7920
997
4815
4434
3723
5621
77
6633
1856
7419
7933
1971
4475
6000
7881
4022
2132
6620
7751
738
8110
6777
3685
1470
1256
1369
976
5466
5233
5502
2972
5254
5437
4031
525
346
4483
3672
1830
4821
2086
4100
7948
2482
1934
4260
4536
4540
7636
5779
7358
3463
6662
6307
3320
2952
5737
4562
7590
4446
3527
675
4862
860
1338
4276
7835
137
8185
1658
2206
7965
3757
2573
4357
4561
6111
6178
6
1105
5498
5205
2363
8015
5634
6953
1648
2691
1258
909
5727
1693
4006
6322
4622
2611
1631
8017
1614
3861
3153
7863
7547
5382
281
6694
2085
1227
1048
8012
4202
6983
5630
8071
4902
6191
354
3314
2351
7019
5348
1445
5903
5358
1593
4580
6771
883
5574
954
1035
5226
1481
409
3801
1778
1681
3968
3523
5270
5330
3993
3828
2109
4333
2819
6899
2261
6260
6673
5078
5395
6841
1657
4377
2499
5259
981
2562
2471
2518
1168
3148
2512
1747
1764
541
2938
5519
1515
674
1217
6748
7009
6957
1473
7889
5363
7568
1395
4102
7873
4615
7330
4757
2700
1174
6499
1879
6094
8165
373
6526
6507
1841
3907
8004
7159
469
2921
8088
222
2244
7331
431
5225
3582
29
6933
3772
1504
2112
7650
481
5871
7026
4685
3840
5075
5487
4360
5296
7178
7492
493
200
5812
3376
5913
6860
7500
4979
2285
1803
2018
3237
2716
6494
701
4930
6496
6045
4738
8177
5905
7813
3734
2062
269
6948
2657
7254
1438
6474
2172
1577
7110
6431
7141
3339
6102
2891
7140
3428
8161
7626
4658
7081
3146
3903
42
6052
6655
4955
7031
1412
5109
2649
6880
7763
4091
2824
5993
7216
5665
1418
725
1788
4413
6822
5176
7755
7151
4450
6130
8041
4394
1594
6557
4387
6916
8130
6553
3554
6451
741
7986
7351
6477
5427
3138
6806
5949
3556
7882
3284
1252
173
3953
4722
7923
4796
4964
2814
3119
2912
6222
840
1086
1616
2651
1176
5203
875
4504
5719
7713
5532
1543
5642
4226
7152
490
1285
794
3307
4941
5235
1838
1464
4197
2124
5578
3076
5723
1753
1300
2064
7168
2528
5936
2996
68
2692
648
956
3904
1611
1926
7777
2461
2415
2211
765
5739
4388
3462
5069
4949
4233
5460
1909
1723
5766
1791
6984
5507
2411
1581
1636
5733
7306
4017
3106
3535
2166
4638
895
7767
2584
2197
4776
276
5517
3470
3254
1846
1043
2579
7014
6921
2293
6466
356
3196
6127
95
5168
7443
2564
5420
4087
7588
3964
2326
1694
2900
2973
3093
4535
3126
5407
4314
3486
7059
3882
8028
1164
5806
4552
359
5144
5410
3289
915
4018
8007
5604
7412
762
3879
7472
3117
3743
5594
7502
563
5076
4711
3077
149
5400
8140
6900
982
2779
1780
7529
3866
3805
3377
2092
7817
2783
3263
5973
3502
3105
5122
3960
2291
594
1558
4626
3570
7420
4173
6838
2500
84
4666
5253
1691
7393
256
7411
969
8123
4444
6897
749
2276
3596
1799
6766
13
7055
260
4487
1165
252
447
1606
7779
6895
8094
1299
5377
5520
5196
5673
7459
1632
3921
698
5086
6896
2829
3844
5605
886
7008
1715
8105
1421
6198
208
5117
6537
2851
920
4637
3830
2345
1997
2732
8070
8134
4759
4602
7951
6743
2181
4327
7838
8024
3762
5273
7810
4201
45
721
7581
5769
1844
2256
7448
5156
7406
2961
6005
3390
3312
1075
3033
1156
3055
4049
7118
2932
7868
504
7043
5684
2014
2114
1854
6109
98
7355
5391
6989
3823
6225
2565
2530
1736
7600
4742
420
6419
1872
3941
1090
7218
5422
1259
1970
1980
2464
6979
553
36
5714
1653
5765
1478
799
7373
4410
7424
7729
4447
4042
1817
651
2230
514
6145
7832
5886
2103
1018
6354
1605
1825
7580
3642
2070
1097
7823
3056
3698
7040
387
63
766
588
2849
3782
4304
4556
3671
2508
99
6939
39
2412
4212
1602
3713
3195
1951
2939
5939
7213
1314
5834
2374
2753
7312
7995
5238
2552
3039
6940
7038
6332
7238
6245
104
342
3141
7025
983
1446
6665
1977
1428
5021
5115
7781
6548
6905
2964
4833
5876
7339
2537
2985
6305
6287
1224
5313
6447
1375
770
772
1385
5477
358
2872
4382
5556
5506
4190
6695
4686
90
5928
3080
2703
899
5992
6717
6836
520
672
4936
3348
7937
3525
158
6978
14
6594
7652
3877
6263
6669
523
5508
6459
2313
6025
6490
7654
4337
3682
4256
4079
4485
1116
5972
5756
2669
569
922
2659
5484
5430
5776
3425
529
6350
2722
3067
5530
205
4567
3937
1973
7292
3222
6148
1049
4572
5787
6304
1415
1414
6218
4192
678
224
1669
5051
1615
6315
4892
1249
2926
4729
2567
492
1965
7364
4676
1867
4823
7833
148
3551
5691
612
2301
4669
1498
3028
5099
4538
3353
1266
1891
4453
1954
7050
5811
3731
5415
1302
4784
2020
1297
3394
2425
3666
235
6414
124
2513
7936
4281
1792
2801
3580
7280
3303
7240
312
663
5402
2551
6863
4997
1968
3643
3753
7981
6147
4456
1724
3416
5359
634
1337
6859
1544
1101
2992
5789
730
4859
6427
6981
7746
6286
5183
2710
5364
2874
646
7910
3668
3675
1738
271
1528
4169
3012
8109
6590
485
7685
2350
4655
7884
2962
2147
1991
7376
1974
4007
6079
5239
1003
360
1894
7956
6108
5258
1040
6645
877
1680
6534
2160
3334
4579
5645
6424
7487
1919
2800
8020
28
7973
7651
6399
6081
1349
7840
6491
5338
1678
5639
5590
8021
6704
1672
4367
7121
2523
2144
4771
2930
1109
1231
758
2450
4040
1356
2174
4118
1746
3386
5418
4879
5537
7619
4422
7607
2074
7558
1483
5543
1054
3208
8101
1649
6607
3468
7585
4221
7396
2177
7670
5113
7442
3277
4582
2598
2462
4921
2679
368
6927
3073
6709
150
7285
6069
1024
6133
3059
6228
1674
798
115
4849
3086
7276
4088
3669
5956
1020
3344
2809
1950
568
6781
3071
4308
7971
7030
7067
2715
3859
7972
6545
3044
1423
266
67
7491
2904
2441
6647
1656
827
8078
2354
2131
3336
1282
5396
3874
4680
4804
1812
5823
7094
6171
8072
2071
7136
2609
1379
4502
8058
2321
3831
1769
652
5897
5409
3781
6834
3338
526
2670
6934
4806
5882
1322
2004
1215
7977
5216
644
7203
3613
7645
2706
7476
1774
1130
5685
8188
6196
3031
1095
7546
4673
7552
5825
6324
1722
1047
133
801
5173
236
8121
339
5598
2069
1336
7701
7461
4130
6197
4945
1071
6661
7189
6862
3639
3062
6793
4245
6565
7743
1459
4093
6964
3324
6207
980
2520
7660
374
1905
1353
7098
89
7608
1248
413
7002
5138
2428
5782
3901
1530
6632
2671
785
5231
5191
1425
4891
7045
5818
3667
2816
8016
6442
6158
6008
5724
7027
1096
6956
2280
3387
1360
3134
4775
722
3783
3755
3771
2429
6643
6563
601
7541
4799
3380
6969
6698
6837
4331
7344
7029
1988
6043
841
1292
854
5839
5636
2141
5695
3047
7153
3341
3409
2916
8018
5513
1620
7148
7887
1816
1575
5252
2595
905
828
3564
6292
4072
3255
1563
3493
4640
6667
7044
808
3224
5181
255
549
8150
879
2667
1295
1776
3469
441
5300
3112
2219
4507
4418
6448
2390
6152
1431
534
5934
7429
7466
2367
873
363
3996
4548
7822
5893
5536
3147
375
3888
2238
3168
7343
712
5470
5971
5862
2795
4292
4463
5207
3740
5411
3958
7012
5324
7457
3974
1765
7173
497
2115
4034
6890
179
473
2994
7319
3792
7902
6276
5102
2957
2391
5744
1440
5214
277
6614
3230
1073
4765
3360
3872
61
7538
1775
455
17
7284
6619
7220
3836
6246
1820
3297
5735
3800
4113
528
5236
7423
5850
3579
3735
6413
7195
3583
3233
4619
5119
3496
6231
7260
2164
1784
5944
3950
959
404
6238
3890
3292
4175
6528
7245
5752
5355
2272
4223
6319
8049
5059
4944
8158
1863
4696
4094
7731
5309
3046
7197
1822
6406
1070
3311
5550
6517
1918
4274
3530
7602
2794
7125
5830
681
1992
4120
3038
7282
7901
7983
1376
6532
2583
2880
1234
7315
7903
3520
2600
1399
7478
4089
6018
5784
4625
604
6113
2929
4839
1873
1959
4939
3769
3674
6311
3177
4154
971
5478
396
605
4705
2005
8160
5445
7613
4654
2220
2449
372
5160
3488
5261
274
660
141
2749
3779
2368
6192
3598
496
176
4326
7549
703
4948
7465
607
398
75
6421
3952
2653
5534
4234
5480
1244
6475
3085
6296
4953
7453
4876
555
2225
736
3902
3612
7132
2918
6337
2376
1393
7357
1797
830
1862
1900
5135
1527
7221
1612
7806
2248
1002
7938
5005
825
7123
2356
921
2907
6087
7268
1031
7686
5045
3636
8082
6208
4695
5809
344
2721
7586
5947
6497
1963
2605
424
787
5251
245
1705
6482
1670
6758
714
7186
5110
2003
1457
2514
1868
2811
7468
2694
304
5083
6075
4203
7537
2686
1603
6267
283
8054
4454
4646
5793
5211
6226
5492
7383
7612
2997
6783
4511
5311
4783
6711
1146
4918
2394
4998
7776
6733
3179
4376
3511
5641
1582
5801
7591
2025
2535
30
3670
3627
6149
2372
3725
676
2498
5285
6135
7793
7879
5816
1276
3419
4919
3236
4886
1555
6936
2879
7596
4805
7574
4985
2574
1852
7570
7149
1462
6875
4841
2968
2708
2337
7836
417
2727
7162
203
7020
1417
4354
5696
7985
4712
7377
882
6861
3464
6571
550
6918
7249
7048
5918
5844
2066
3389
2253
5568
4663
6950
7177
4600
7734
1727
320
1999
2834
2925
4259
5592
6384
7800
1134
7290
3847
6986
2210
2772
5035
7536
7870
3649
6042
3664
4893
4324
2614
2959
7340
3351
1994
4531
5014
4139
1198
5202
130
4881
7308
6274
5143
3248
4951
4036
5932
5894
1814
4798
7944
7234
4606
6500
7060
5287
2593
2663
160
1696
4189
556
1053
7293
1205
6294
6587
2095
3747
7198
4073
1281
3829
6262
6967
7831
1878
4847
4624
7786
7688
2568
7641
7452
157
7498
5923
401
3548
5336
3739
2158
591
6533
7698
6800
790
7665
4315
4506
2668
5770
6352
4831
6912
7384
1348
7397
4269
3457
2836
4015
685
1939
6931
624
7366
1734
5123
1341
1507
3928
6768
3258
1447
6710
8126
3280
4425
6016
6514
2577
4925
1103
5240
4347
1354
1639
3984
8025
818
438
4320
449
4068
4584
1085
7108
2162
5515
79
1161
1869
6882
5783
7711
6182
5790
950
367
809
6295
3788
2002
2545
4097
3808
1725
2624
2437
7912
7078
1870
7760
3029
4516
5998
1664
6716
26
3962
3160
8032
230
4317
486
544
5153
7137
6589
4162
6107
7703
3784
5631
1510
5141
3536
2359
6392
7440
3375
2799
7966
6847
7022
1368
4500
6009
5039
66
8074
657
1111
6828
3094
1546
2250
1580
1637
2215
6096
4590
3037
1467
2826
1500
2383
5306
2724
351
1866
6256
355
5295
4348
209
2596
718
7510
576
3970
3190
6097
6006
315
7905
6092
91
4954
5611
2969
4736
6077
2078
654
4866
3749
7924
2418
1706
6926
4437
7735
5025
6664
1601
2463
229
1012
6519
6601
3242
4163
5747
1463
3574
1023
5020
4894
6095
3662
2017
3018
155
6775
5335
1704
3924
3592
7170
7109
1829
111
3504
1902
6325
123
7893
7464
1533