145
159
143
825
420
832
745
175
755
779
359
123
962
134
77
406
800
476
371
509
644
641
785
450
337
295
614
792
15
53
415
613
762
1006
589
253
586
595
396
493
525
350
694
298
346
859
45
744
443
569
181
873
656
354
1018
973
36
564
498
891
199
638
588
942
358
715
412
685
628
231
794
340
890
193
640
944
591
460
612
572
714
838
188
233
923
249
57
4
492
668
913
884
605
300
261
383
95
1010
516
876
292
529
776
939
293
440
1022
44
676
239
993
290
959
25
590
631
216
122
635
786
961
466
52
51
883
391
323
368
637
512
874
513
527
9
273
27
90
1005
276
294
1004
701
1021
636
600
105
408
885
882
887
665
67
296
251
361
760
831
997
279
316
547
967
902
710
60
398
315
915
341
610
958
230
98
880
173
281
401
132
185
896
206
334
84
62
352
431
382
732
138
615
66
733
192
737
71
532
670
72
410
64
810
89
336
374
221
920
81
672
719
1003
147
833
799
177
387
74
210
164
154
403
305
500
761
1023
212
699
155
789
813
663
519
517
751
118
704
407
875
477
189
949
974
816
33
207
285
523
47
654
731
333
765
750
153
288
459
725
93
322
574
662
867
735
841
511
844
899
955
773
243
766
215
565
680
111
953
218
854
235
927
496
260
764
330
808
464
901
195
428
237
462
752
734
597
409
935
203
274
721
711
21
1014
679
497
518
106
339
585
458
987
593
726
888
142
43
400
604
878
381
367
419
87
214
795
402
70
747
101
392
389
421
879
313
578
822
79
332
864
490
618
954
724
599
503
146
364
991
982
1013
504
35
633
304
790
723
180
275
252
73
839
544
577
772
770
743
712
703
793
449
868
342
39
353
265
321
824
835
176
722
842
489
741
948
264
7
692
209
46
11
205
754
907
843
357
826
320
297
317
107
259
151
75
99
31
110
620
378
782
996
78
201
811
968
225
248
435
990
1002
678
256
846
736
351
847
514
798
539
861
748
627
775
1019
609
418
456
976
528
916
817
468
171
856
926
1011
542
691
18
545
652
857
56
531
457
310
506
335
486
981
683
681
187
266
769
24
871
499
629
646
108
393
505
219
438
481
580
594
921
830
658
889
375
657
467
928
753
50
552
995
556
947
686
630
718
139
2
541
5
971
560
135
303
484
964
756
360
507
977
655
373
314
558
709
220
661
853
236
553
124
196
12
966
563
338
395
54
427
1001
508
58
202
491
1008
881
930
653
568
848
918
739
561
567
849
59
649
675
562
607
919
309
167
446
623
170
311
131
472
720
969
717
778
29
903
287
179
437
217
169
425
156
23
63
603
980
307
14
327
908
526
727
575
88
530
682
767
797
133
917
937
246
186
802
213
42
85
329
538
345
660
536
194
117
960
325
573
16
671
728
116
602
951
746
262
688
592
80
113
208
911
690
158
453
989
69
621
470
20
140
372
471
96
452
448
136
869
349
30
442
478
1015
617
229
673
244
582
465
840
390
559
224
280
860
814
924
32
950
945
92
414
463
319
254
385
439
664
905
837
994
172
328
952
227
812
1012
365
430
788
144
283
127
480
780
141
240
801
598
483
548
855
473
424
355
763
696
38
608
757
687
157
82
742
436
946
697
893
263
515
405
533
380
771
482
404
178
985
1024
804
112
150
168
455
255
22
910
805
83
933
836
596
659
422
912
222
429
695
877
708
978
94
895
787
162
399
984
520
963
130
120
781
611
250
554
48
40
474
152
702
965
581
191
894
306
909
862
729
6
394
318
870
956
550
820
102
941
376
234
312
411
183
642
740
197
783
291
289
247
625
557
282
17
645
369
13
363
549
576
713
807
616
97
639
245
914
815
904
689
906
759
537
829
1007
37
109
388
34
268
626
226
936
999
386
128
416
992
851
377
301
555
791
716
774
200
348
892
211
898
441
114
706
434
257
938
86
521
76
417
488
454
651
827
241
426
284
129
148
986
1020
624
897
677
546
161
343
865
818
100
983
278
397
823
379
551
988
166
137
258
784
494
957
126
579
384
286
674
819
432
925
866
643
10
103
534
809
347
125
806
344
485
666
3
267
886
331
749
570
366
461
738
931
863
302
972
479
184
238
182
566
115
834
447
165
705
272
606
55
796
487
451
65
934
356
648
475
1017
571
1000
932
174
299
940
277
8
601
522
271
242
524
669
163
535
684
501
768
852
900
232
584
858
632
269
91
326
61
872
121
204
149
540
693
587
758
975
469
650
223
543
510
423
502
228
634
647
444
28
1016
943
308
445
929
845
700
922
41
198
495
190
433
19
1009
324
362
821
119
622
370
160
730
413
828
26
619
667
850
803
1
698
777
583
270
979
998
707
104
68
49
970