244
15
24
249
112
34
142
20
180
233
124
157
94
228
80
137
238
87
57
179
114
67
133
256
178
187
48
230
38
246
236
211
145
37
49
100
163
9
52
225
162
131
199
45
115
11
65
204
7
218
221
173
127
164
70
254
229
97
102
250
105
183
161
223
3
175
231
119
198
160
90
193
117
66
214
129
243
181
159
220
134
151
207
195
153
143
110
93
202
174
158
81
123
95
17
13
61
59
26
227
27
189
185
205
234
86
206
107
171
252
28
51
43
132
121
53
147
170
186
182
120
235
241
73
10
99
156
63
71
47
168
242
140
88
22
122
98
232
177
92
5
21
212
155
126
215
224
79
77
197
118
113
19
166
18
247
128
46
40
149
226
39
16
44
190
146
216
108
12
50
106
85
42
64
82
194
222
25
237
139
150
84
69
75
167
154
72
196
104
31
251
74
184
33
103
78
141
172
111
60
239
209
176
148
36
240
32
35
4
89
54
55
14
136
29
83
152
188
208
245
248
58
41
30
91
210
6
169
203
219
8
201
191
76
138
255
217
23
1
200
96
135
253
165
116
101
56
125
109
192
68
62
144
2
213
130